100
100
130
3
28 41 61 
6 4.8 3.84 
0.9
50
48.48,91.2,3.84 25.44,83.04,3.84 46.56,83.52,3.84 15.84,96.16,3.84 60,56.64,3.84 84.48,35.04,3.84 33.12,76.8,3.84 70.08,60,3.84 70.08,25.44,3.84 77.76,63.84,3.84 19.2,3.84,3.84 35.04,46.08,3.84 31.2,38.4,3.84 23.52,40.8,3.84 3.84,19.2,3.84 42.72,50.4,3.84 77.76,34.56,3.84 87.84,79.68,3.84 76.8,26.88,3.84 96.16,61.44,3.84 3.84,63.84,3.84 40.8,67.68,3.84 19.2,75.36,3.84 67.68,52.32,3.84 95.52,81.12,3.84 3.84,3.84,3.84 52.32,96.16,3.84 26.88,69.12,3.84 3.84,26.88,3.84 72.96,3.84,3.84 48.48,75.84,3.84 28.8,21.12,3.84 77.76,19.2,3.84 26.88,3.84,3.84 23.52,58.08,3.84 11.52,3.84,3.84 3.84,11.52,3.84 96.16,34.56,3.84 3.84,56.16,3.84 3.84,71.52,3.84 86.4,11.52,3.84 87.36,54.72,3.84 11.52,82.08,3.84 11.52,30.72,3.84 85.44,72,3.84 60,96.16,3.84 31.2,53.76,3.84 92.16,36.48,3.84 31.2,96.16,3.84 95.04,53.76,3.84 23.52,96.16,3.84 13.44,96.16,3.84 40.8,87.36,3.84 21.12,23.52,3.84 92.64,3.84,3.84 38.88,42.72,3.84 94.56,96.16,3.84 42.72,13.44,3.84 15.84,38.4,3.84 33.12,61.44,3.84 86.88,96.16,3.84 88.32,63.36,4.8 54.72,4.8,4.8 12.48,12.48,4.8 24.48,66.72,4.8 49.44,26.4,4.8 34.08,12.48,4.8 64.32,4.8,4.8 69.12,68.64,4.8 86.4,26.4,4.8 59.52,48,4.8 69.12,43.68,4.8 95.2,27.84,4.8 95.2,45.12,4.8 4.8,47.52,4.8 26.4,49.44,4.8 55.2,89.28,4.8 35.52,4.8,4.8 95.04,16.8,4.8 4.8,80.16,4.8 51.36,57.6,4.8 20.16,32.16,4.8 29.76,29.76,4.8 39.36,34.08,4.8 69.12,90.24,4.8 78.72,84.48,4.8 4.8,89.76,4.8 48.96,36,4.8 22.08,91.68,4.8 43.68,95.2,4.8 58.56,38.4,4.8 68.16,34.08,4.8 68.64,95.2,4.8 78.24,94.08,4.8 45.12,4.8,4.8 39.84,59.04,4.8 49.44,67.2,4.8 12.48,22.08,4.8 78.72,55.2,4.8 39.84,95.2,4.8 85.44,95.2,4.8 95.04,95.2,4.8 6,36.72,6 13.68,60.24,6 58.32,78.48,6 58.32,94,6 76.56,15.6,6 15.6,48.24,6 89.52,89.52,6 82.8,6,6 94,71.28,6 38.64,23.28,6 32.88,86.64,6 60.24,66.48,6 23.28,13.68,6 48.72,46.8,6 36.72,77.52,6 60.24,27.6,6 52.56,15.6,6 66,79.44,6 6,94,6 78,73.68,6 77.52,44.4,6 13.68,72.24,6 64.56,15.6,6 50.64,94,6 62.64,94,6 74.64,94,6 15.6,91.92,6 87.6,44.88,6 
fitness 0.00316459
69.6,15.84,3.84 23.52,59.52,3.84 28.8,80.64,3.84 94.56,11.52,3.84 23.52,67.2,3.84 46.56,68.16,3.84 15.84,3.84,3.84 75.36,38.4,3.84 54.24,11.52,3.84 71.52,67.68,3.84 86.88,88.8,3.84 3.84,96.16,3.84 40.8,3.84,3.84 36.48,52.8,3.84 86.88,11.52,3.84 58.56,60.48,3.84 45.12,96.16,3.84 58.08,43.2,3.84 52.8,96.16,3.84 68.64,23.52,3.84 61.92,15.84,3.84 78.24,33.12,3.84 38.88,80.16,3.84 89.76,3.84,3.84 54.24,68.16,3.84 83.04,52.8,3.84 38.88,72.48,3.84 19.2,92.16,3.84 61.44,96.16,3.84 85.92,23.04,3.84 3.84,67.2,3.84 46.56,75.84,3.84 31.2,57.6,3.84 23.52,74.88,3.84 46.08,83.52,3.84 26.88,88.32,3.84 44.16,52.8,3.84 96.16,81.12,3.84 3.84,51.84,3.84 38.4,45.12,3.84 48.48,3.84,3.84 11.52,49.92,3.84 3.84,90.24,3.84 11.52,96.16,3.84 11.52,93.6,3.84 31.2,65.28,3.84 85.92,30.72,3.84 37.44,96,3.84 21.12,42.24,3.84 96.16,96.16,3.84 33.12,3.84,3.84 87.84,80.16,3.84 28.8,49.92,3.84 3.84,82.56,3.84 31.2,72.96,3.84 3.84,74.88,3.84 34.56,96.16,3.84 50.88,60.48,3.84 3.84,59.52,3.84 79.2,72.48,3.84 96.16,3.84,3.84 16.8,22.08,4.8 66.72,41.76,4.8 62.88,70.56,4.8 26.4,24,4.8 95.2,60.48,4.8 36,22.08,4.8 95.2,83.52,4.8 45.6,12.48,4.8 20.16,50.88,4.8 77.28,24.48,4.8 24.48,4.8,4.8 16.8,31.68,4.8 67.2,80.16,4.8 52.8,51.84,4.8 62.4,51.36,4.8 26.4,33.6,4.8 20.16,83.52,4.8 36,31.68,4.8 37.44,88.8,4.8 57.6,32.16,4.8 54.72,88.8,4.8 64.32,89.76,4.8 73.92,88.32,4.8 95.2,95.2,4.8 81.12,4.8,4.8 16.8,12.48,4.8 94.56,32.16,4.8 67.2,60.96,4.8 76.8,59.04,4.8 43.2,92.16,4.8 52.8,95.2,4.8 78.24,14.4,4.8 70.08,95.2,4.8 79.68,95.2,4.8 89.28,95.2,4.8 12.48,41.28,4.8 4.8,95.2,4.8 26.4,14.4,4.8 29.76,41.28,4.8 36,12.48,4.8 85.44,95.2,4.8 48.24,42.96,6 73.2,48.24,6 46.8,35.28,6 92.88,71.28,6 58.8,21.36,6 84.72,90,6 13.68,59.76,6 68.4,33.36,6 85.2,42.96,6 41.04,62.64,6 13.68,83.76,6 58.32,6,6 6,30,6 70.32,6,6 94,21.36,6 56.4,78,6 87.6,62.64,6 78,77.52,6 6,42,6 94,94,6 15.6,94,6 27.6,94,6 6,18,6 13.68,71.76,6 6,6,6 62.64,94,6 74.64,94,6 46.8,23.28,6 
fitness 0.00314092
62.4,42.72,3.84 19.2,67.68,3.84 19.2,96.16,3.84 21.12,11.52,3.84 83.52,80.16,3.84 54.24,77.76,3.84 65.28,30.72,3.84 40.32,33.12,3.84 38.88,84,3.84 72.48,3.84,3.84 85.44,60.48,3.84 70.08,55.68,3.84 83.52,87.84,3.84 3.84,33.12,3.84 77.76,62.4,3.84 23.04,92.64,3.84 31.2,79.68,3.84 77.76,96.16,3.84 3.84,96.16,3.84 13.44,15.84,3.84 89.76,3.84,3.84 44.16,91.2,3.84 23.52,75.36,3.84 93.12,68.16,3.84 28.8,87.36,3.84 51.84,85.44,3.84 21.12,60,3.84 96.16,40.8,3.84 96.16,60.48,3.84 73.92,48,3.84 23.52,3.84,3.84 13.44,52.32,3.84 46.08,96.16,3.84 36.48,91.68,3.84 11.52,69.6,3.84 46.56,83.52,3.84 30.72,95.04,3.84 96.16,23.52,3.84 91.2,93.12,3.84 38.4,96.16,3.84 38.4,15.84,3.84 37.44,40.32,3.84 11.52,84.96,3.84 57.6,35.04,3.84 3.84,70.08,3.84 73.44,70.08,3.84 91.2,85.44,3.84 56.16,70.08,3.84 87.36,43.2,3.84 26.88,72,3.84 96.16,3.84,3.84 54.72,47.04,3.84 79.68,47.04,3.84 31.2,3.84,3.84 15.84,77.28,3.84 3.84,3.84,3.84 62.4,62.4,3.84 81.6,54.72,3.84 3.84,89.76,3.84 11.52,96.16,3.84 3.84,62.4,3.84 46.08,41.76,4.8 47.52,74.88,4.8 75.84,14.4,4.8 64.8,64.32,4.8 16.8,24.48,4.8 94.08,76.8,4.8 71.04,39.36,4.8 26.4,20.16,4.8 36,22.08,4.8 4.8,53.76,4.8 45.6,24.48,4.8 22.08,51.36,4.8 62.88,73.92,4.8 43.68,51.36,4.8 53.28,55.68,4.8 95.2,90.72,4.8 79.2,22.08,4.8 63.84,4.8,4.8 20.16,84,4.8 90.24,51.84,4.8 81.12,4.8,4.8 12.48,34.08,4.8 12.48,60.96,4.8 22.08,29.76,4.8 53.76,65.28,4.8 95.2,95.2,4.8 4.8,95.2,4.8 14.4,93.6,4.8 31.68,31.68,4.8 29.76,12.48,4.8 48.96,38.4,4.8 4.8,12.48,4.8 47.04,16.8,4.8 95.2,95.2,4.8 56.64,14.4,4.8 16.8,43.68,4.8 66.24,12.48,4.8 27.84,95.2,4.8 37.44,95.2,4.8 47.04,95.2,4.8 68.64,95.2,4.8 36.72,74.16,6 13.68,6,6 41.04,6,6 86.64,13.68,6 61.68,84.72,6 73.68,91.92,6 56.4,27.6,6 83.28,70.32,6 68.4,25.2,6 6,79.92,6 94,13.68,6 30.96,62.16,6 42.96,62.16,6 90,25.2,6 94,50.64,6 55.92,94,6 67.92,94,6 75.12,37.2,6 87.6,94,6 87.12,33.36,6 73.68,79.92,6 6,23.28,6 32.88,50.16,6 6,42.96,6 53.04,6,6 64.08,52.56,6 57.84,94,6 27.6,40.56,6 
fitness 0.00305675
56.16,33.12,3.84 91.2,65.28,3.84 64.32,50.4,3.84 67.2,87.36,3.84 38.88,72.48,3.84 96.16,65.28,3.84 63.84,33.12,3.84 83.52,60,3.84 3.84,80.64,3.84 36.48,15.84,3.84 30.72,23.52,3.84 65.76,15.84,3.84 33.12,31.2,3.84 23.04,56.64,3.84 28.8,15.84,3.84 93.6,72.96,3.84 82.08,40.8,3.84 66.72,3.84,3.84 13.44,26.88,3.84 19.2,64.32,3.84 19.2,84,3.84 96.16,34.56,3.84 85.92,93.12,3.84 60.48,58.08,3.84 43.2,40.8,3.84 3.84,40.32,3.84 35.04,96.16,3.84 85.92,67.68,3.84 72,50.4,3.84 3.84,65.28,3.84 3.84,57.6,3.84 79.68,48.48,3.84 31.2,72.48,3.84 86.4,3.84,3.84 62.4,96.16,3.84 13.44,3.84,3.84 11.52,67.2,3.84 96.16,57.6,3.84 3.84,13.44,3.84 48.48,86.4,3.84 11.52,59.52,3.84 75.36,75.84,3.84 11.52,11.52,3.84 48.48,37.44,3.84 11.52,96.16,3.84 40.8,33.12,3.84 94.08,3.84,3.84 46.56,78.72,3.84 88.8,40.32,3.84 11.52,51.84,3.84 13.44,19.2,3.84 54.24,65.76,3.84 75.84,56.16,3.84 40.32,89.76,3.84 3.84,72.96,3.84 11.52,34.56,3.84 89.76,42.72,3.84 71.52,33.12,3.84 68.16,58.08,3.84 79.68,96.16,3.84 3.84,96.16,3.84 4.8,31.68,4.8 45.12,16.8,4.8 95.2,48.96,4.8 4.8,48.96,4.8 14.4,43.2,4.8 20.16,14.4,4.8 31.68,51.84,4.8 86.4,12.48,4.8 95.2,22.08,4.8 4.8,22.08,4.8 88.32,51.36,4.8 39.84,81.12,4.8 22.08,4.8,4.8 57.12,74.4,4.8 66.72,78.72,4.8 22.08,24,4.8 84,76.32,4.8 80.16,34.08,4.8 12.48,75.84,4.8 22.08,92.64,4.8 31.68,93.12,4.8 4.8,4.8,4.8 48.96,95.04,4.8 58.56,84,4.8 51.84,70.08,4.8 75.84,84.48,4.8 85.44,85.92,4.8 4.8,89.28,4.8 26.4,95.2,4.8 39.36,24.48,4.8 67.68,93.6,4.8 77.28,95.2,4.8 60.96,24.48,4.8 70.56,24.48,4.8 80.16,24.48,4.8 32.16,95.2,4.8 53.76,95.2,4.8 63.84,41.76,4.8 71.04,95.2,4.8 73.44,41.76,4.8 88.32,95.2,4.8 55.92,13.68,6 90.96,23.28,6 44.88,6,6 64.08,67.92,6 76.08,66,6 75.6,13.68,6 29.04,62.64,6 94,94,6 41.04,62.64,6 15.6,86.64,6 23.28,34.8,6 56.88,6,6 44.88,94,6 56.88,94,6 29.04,82.32,6 50.16,27.6,6 21.36,46.8,6 94,94,6 42.48,50.64,6 54.48,59.28,6 21.36,94,6 33.36,41.04,6 42.96,94,6 32.88,6,6 94,82.8,6 53.04,47.28,6 21.36,74.16,6 76.56,6,6 
fitness 0.00303085
92.64,21.12,3.84 15.84,46.08,3.84 89.76,92.64,3.84 28.8,21.12,3.84 69.6,30.72,3.84 50.88,60.48,3.84 70.08,48,3.84 13.44,21.12,3.84 83.52,42.72,3.84 87.36,50.4,3.84 3.84,79.68,3.84 62.4,95.04,3.84 34.56,11.52,3.84 69.12,77.76,3.84 3.84,96.16,3.84 58.56,38.4,3.84 61.92,30.72,3.84 75.84,42.72,3.84 43.2,62.4,3.84 54.24,13.44,3.84 90.72,13.44,3.84 23.04,26.88,3.84 3.84,40.32,3.84 89.76,58.08,3.84 46.08,23.52,3.84 28.8,96.16,3.84 11.52,96.16,3.84 65.28,3.84,3.84 11.52,38.4,3.84 15.84,92.64,3.84 37.44,65.76,3.84 96.16,96.16,3.84 54.72,92.16,3.84 67.68,96.16,3.84 50.88,43.2,3.84 96.16,21.12,3.84 62.4,46.08,3.84 72.96,23.04,3.84 70.08,94.56,3.84 48,3.84,3.84 76.8,65.28,3.84 96.16,58.08,3.84 26.88,13.44,3.84 84.96,96.16,3.84 31.2,38.4,3.84 96.16,65.76,3.84 11.52,13.44,3.84 33.12,46.08,3.84 25.44,92.16,3.84 45.12,96.16,3.84 89.28,35.04,3.84 40.32,3.84,3.84 3.84,13.44,3.84 21.12,19.2,3.84 11.52,53.76,3.84 19.2,11.52,3.84 23.04,3.84,3.84 91.2,38.4,3.84 45.12,70.08,3.84 3.84,60,3.84 81.6,91.2,3.84 53.76,51.84,4.8 83.52,4.8,4.8 78.72,51.36,4.8 4.8,31.68,4.8 14.4,29.76,4.8 62.88,12.48,4.8 31.68,29.76,4.8 41.28,29.76,4.8 71.52,56.64,4.8 81.12,60.96,4.8 72.48,14.4,4.8 16.8,62.4,4.8 82.08,14.4,4.8 93.12,4.8,4.8 95.2,29.76,4.8 14.4,4.8,4.8 48.48,78.72,4.8 4.8,22.08,4.8 89.76,82.56,4.8 95.2,74.4,4.8 16.8,84,4.8 46.08,88.32,4.8 4.8,4.8,4.8 63.36,86.4,4.8 72.96,85.92,4.8 90.24,84,4.8 56.64,4.8,4.8 36.48,95.2,4.8 31.68,4.8,4.8 53.76,95.2,4.8 67.2,39.36,4.8 37.44,20.16,4.8 73.92,4.8,4.8 54.72,22.08,4.8 95.2,48.96,4.8 20.16,95.2,4.8 64.32,22.08,4.8 37.44,95.2,4.8 47.04,95.2,4.8 24.48,47.52,4.8 76.32,95.2,4.8 35.28,87.6,6 82.8,25.2,6 79.44,32.88,6 54.96,70.32,6 66.96,67.92,6 41.04,40.56,6 60.72,55.92,6 6,94,6 86.64,71.76,6 25.68,94,6 42.96,52.56,6 21.36,58.32,6 13.68,73.2,6 25.68,82.32,6 37.68,75.6,6 79.92,94,6 52.08,33.36,6 59.28,82.32,6 33.36,55.92,6 6,50.16,6 78.96,75.12,6 6,69.84,6 94,48.24,6 6,89.52,6 57.84,94,6 27.6,70.32,6 21.36,36.72,6 44.4,13.68,6 
fitness 0.00302107
52.32,87.36,3.84 77.76,3.84,3.84 50.88,3.84,3.84 62.4,42.24,3.84 58.08,79.2,3.84 38.88,66.24,3.84 94.08,19.2,3.84 54.72,38.4,3.84 96.16,38.4,3.84 3.84,11.52,3.84 58.08,96.16,3.84 26.88,11.52,3.84 70.08,38.4,3.84 19.2,11.52,3.84 68.16,67.68,3.84 38.4,50.88,3.84 38.4,58.56,3.84 21.12,19.2,3.84 25.44,79.2,3.84 31.2,69.6,3.84 96.16,3.84,3.84 40.8,96.16,3.84 58.08,49.92,3.84 3.84,50.4,3.84 15.84,70.08,3.84 25.44,96.16,3.84 69.6,30.72,3.84 73.44,96.16,3.84 61.44,13.44,3.84 86.4,11.52,3.84 65.76,96.16,3.84 79.68,61.92,3.84 33.12,96.16,3.84 33.12,77.28,3.84 95.52,77.28,3.84 11.52,15.84,3.84 3.84,3.84,3.84 13.44,23.52,3.84 23.52,3.84,3.84 25.44,26.88,3.84 34.56,15.84,3.84 56.64,95.04,3.84 75.36,81.6,3.84 3.84,58.08,3.84 21.12,56.16,3.84 23.52,63.84,3.84 72,84.96,3.84 91.68,89.28,3.84 96.16,92.64,3.84 42.72,35.52,3.84 90.72,84.96,3.84 78.72,15.84,3.84 47.04,43.2,3.84 25.44,71.52,3.84 31.2,3.84,3.84 83.04,81.6,3.84 50.4,79.68,3.84 87.84,73.92,3.84 11.52,52.8,3.84 52.8,21.12,3.84 96.16,89.76,3.84 61.44,24,4.8 66.72,47.04,4.8 76.32,53.28,4.8 85.92,55.68,4.8 95.2,56.64,4.8 71.04,22.08,4.8 12.48,61.44,4.8 29.76,60.96,4.8 92.64,24.48,4.8 59.04,58.56,4.8 4.8,29.76,4.8 88.32,65.28,4.8 59.52,4.8,4.8 34.08,32.16,4.8 70.08,12.48,4.8 47.52,71.04,4.8 51.36,29.76,4.8 60.96,33.6,4.8 69.12,4.8,4.8 16.8,78.72,4.8 78.24,34.08,4.8 41.76,74.88,4.8 66.72,76.32,4.8 16.8,44.16,4.8 38.4,41.76,4.8 4.8,90.72,4.8 4.8,20.16,4.8 34.08,85.92,4.8 43.68,84.48,4.8 43.2,12.48,4.8 78.72,43.68,4.8 88.32,46.08,4.8 4.8,95.2,4.8 26.4,87.84,4.8 48,94.08,4.8 95.2,47.04,4.8 16.8,95.2,4.8 20.16,47.52,4.8 49.44,95.2,4.8 29.76,51.36,4.8 52.8,14.4,4.8 69.84,57.84,6 6,79.92,6 48.24,60.24,6 13.68,6,6 62.16,89.04,6 81.84,23.28,6 81.84,91.44,6 89.04,35.28,6 94,67.44,6 41.04,6,6 15.6,94,6 6,40.56,6 37.2,94,6 58.32,69.36,6 6,67.92,6 66.48,94,6 78.48,94,6 90.48,94,6 6,94,6 27.6,36.72,6 30.96,21.36,6 42.96,25.68,6 78,71.76,6 87.6,6,6 15.6,33.36,6 15.6,89.52,6 48.24,48.24,6 83.28,94,6 
fitness 0.00301916
25.44,25.44,3.84 73.44,96.16,3.84 13.44,89.76,3.84 40.8,23.52,3.84 13.44,54.72,3.84 51.84,96,3.84 70.08,45.12,3.84 44.16,90.24,3.84 36.48,81.12,3.84 73.44,67.68,3.84 15.84,96.16,3.84 89.76,96.16,3.84 47.04,40.8,3.84 31.2,76.8,3.84 25.44,33.12,3.84 3.84,3.84,3.84 11.52,70.08,3.84 3.84,67.68,3.84 46.56,82.56,3.84 33.12,23.04,3.84 48.48,23.52,3.84 31.2,96.16,3.84 3.84,75.36,3.84 28.8,59.52,3.84 11.52,3.84,3.84 82.08,3.84,3.84 15.84,96.16,3.84 3.84,11.52,3.84 96.16,3.84,3.84 21.12,87.36,3.84 56.16,96.16,3.84 54.72,43.2,3.84 38.88,73.44,3.84 62.4,47.04,3.84 31.2,92.16,3.84 40.32,48.48,3.84 3.84,60,3.84 96,92.64,3.84 19.2,72,3.84 92.64,60,3.84 77.76,42.72,3.84 23.52,96.16,3.84 48,15.84,3.84 77.28,50.4,3.84 11.52,62.4,3.84 23.52,95.04,3.84 74.4,3.84,3.84 69.12,84.96,3.84 36.48,65.76,3.84 58.08,66.72,3.84 38.88,96.16,3.84 23.52,79.68,3.84 84.96,56.64,3.84 40.32,15.84,3.84 65.76,72,3.84 96.16,89.28,3.84 82.08,92.64,3.84 94.56,31.2,3.84 84.96,64.32,3.84 28.8,84.48,3.84 48,50.88,3.84 27.84,68.16,4.8 65.76,4.8,4.8 57.12,75.36,4.8 12.48,12.48,4.8 22.08,16.8,4.8 82.08,72.96,4.8 31.68,14.4,4.8 95.2,51.36,4.8 4.8,51.36,4.8 57.12,26.4,4.8 22.08,53.76,4.8 79.2,76.32,4.8 31.68,50.88,4.8 4.8,84,4.8 66.72,24.48,4.8 76.32,24.48,4.8 68.64,53.76,4.8 85.92,26.4,4.8 90.72,4.8,4.8 4.8,32.16,4.8 60.48,92.64,4.8 32.16,4.8,4.8 77.76,94.56,4.8 87.36,95.2,4.8 34.08,31.68,4.8 20.16,63.36,4.8 43.68,32.16,4.8 37.44,57.12,4.8 39.84,89.76,4.8 73.44,95.2,4.8 89.28,34.08,4.8 66.72,63.36,4.8 76.32,59.04,4.8 95.2,36,4.8 93.6,68.64,4.8 4.8,41.76,4.8 47.52,95.2,4.8 38.4,41.28,4.8 64.8,95.2,4.8 16.8,22.08,4.8 82.08,95.2,4.8 42.96,6,6 46.32,72.72,6 15.6,32.88,6 57.84,15.6,6 69.84,13.68,6 81.84,13.68,6 92.88,79.44,6 6,94,6 87.6,46.8,6 13.68,79.92,6 54.48,33.36,6 48.24,60.72,6 50.64,94,6 62.64,94,6 66.48,37.2,6 78.48,35.28,6 56.4,86.16,6 94,94,6 6,94,6 68.4,81.84,6 93.84,15.6,6 90,83.76,6 6,21.36,6 54.96,6,6 15.6,44.88,6 57.84,56.88,6 27.6,42.96,6 21.36,6,6 
fitness 0.00300846
58.08,32.64,3.84 3.84,21.12,3.84 66.24,83.52,3.84 11.52,55.68,3.84 50.4,30.72,3.84 73.44,35.52,3.84 96.16,65.76,3.84 70.56,60.48,3.84 26.88,58.08,3.84 3.84,3.84,3.84 19.2,61.92,3.84 53.76,72,3.84 28.8,96.16,3.84 19.2,23.04,3.84 58.56,89.28,3.84 75.36,27.84,3.84 15.84,38.4,3.84 61.44,68.16,3.84 51.84,96.16,3.84 91.68,81.6,3.84 31.2,84.96,3.84 93.6,49.92,3.84 11.52,21.12,3.84 78.24,62.88,3.84 3.84,96.16,3.84 65.28,3.84,3.84 36.48,96.16,3.84 40.8,40.32,3.84 33.12,38.4,3.84 36.48,23.04,3.84 65.76,31.2,3.84 54.24,96.16,3.84 13.44,13.44,3.84 3.84,96.16,3.84 11.52,96.16,3.84 15.84,82.56,3.84 96.16,13.44,3.84 38.4,67.68,3.84 84,78.24,3.84 91.2,96.16,3.84 11.52,96.16,3.84 46.08,72,3.84 30.72,3.84,3.84 50.88,91.68,3.84 48,3.84,3.84 3.84,28.8,3.84 33.12,30.72,3.84 23.52,89.28,3.84 60.48,40.32,3.84 21.12,69.6,3.84 44.64,48,3.84 85.92,55.2,3.84 69.12,11.52,3.84 47.04,75.36,3.84 69.12,70.56,3.84 44.16,96.16,3.84 3.84,65.76,3.84 88.8,13.44,3.84 3.84,58.08,3.84 73.92,85.92,3.84 76.32,75.84,3.84 95.2,4.8,4.8 27.84,22.08,4.8 4.8,12.48,4.8 45.12,22.08,4.8 54.72,24,4.8 39.36,4.8,4.8 84,22.08,4.8 93.6,22.08,4.8 22.08,14.4,4.8 12.48,64.32,4.8 12.48,29.76,4.8 29.76,66.72,4.8 31.68,12.48,4.8 41.76,31.68,4.8 41.28,14.4,4.8 50.88,12.48,4.8 16.8,73.92,4.8 38.4,76.32,4.8 60.48,14.4,4.8 67.68,80.64,4.8 22.08,4.8,4.8 82.08,31.68,4.8 24.48,43.68,4.8 56.64,4.8,4.8 12.48,4.8,4.8 82.56,90.24,4.8 69.12,39.84,4.8 16.8,91.2,4.8 26.4,95.2,4.8 36,93.6,4.8 45.6,95.2,4.8 62.88,95.2,4.8 84.48,94.56,4.8 94.08,95.2,4.8 90.72,41.28,4.8 4.8,49.44,4.8 20.16,95.2,4.8 14.4,47.04,4.8 24,53.28,4.8 85.92,4.8,4.8 53.28,51.36,4.8 90.96,75.6,6 50.64,40.56,6 75.12,6,6 6,75.6,6 76.08,50.64,6 6,94,6 27.6,79.44,6 65.52,21.36,6 23.28,32.88,6 56.88,81.84,6 79.92,45.36,6 88.08,59.76,6 73.68,93.36,6 36.72,57.84,6 48.72,62.16,6 92.88,32.88,6 6,87.6,6 6,38.64,6 78.96,18,6 60.72,62.16,6 34.8,48.24,6 41.04,85.2,6 61.68,94,6 73.68,94,6 85.68,94,6 94,94,6 78.96,71.76,6 64.08,50.16,6 
fitness 0.0029578
15.84,58.08,3.84 46.08,96.16,3.84 48,89.28,3.84 3.84,96.16,3.84 83.04,43.2,3.84 73.44,67.68,3.84 11.52,23.52,3.84 75.36,96.16,3.84 21.12,83.52,3.84 80.64,52.32,3.84 87.36,96.16,3.84 21.12,26.88,3.84 81.12,75.36,3.84 90.72,96.16,3.84 21.12,91.2,3.84 36.48,27.84,3.84 44.16,72,3.84 96.16,26.88,3.84 36.48,74.4,3.84 28.8,74.4,3.84 75.36,40.8,3.84 88.8,83.04,3.84 60.48,13.44,3.84 23.04,75.84,3.84 77.76,15.84,3.84 19.2,3.84,3.84 58.08,42.72,3.84 11.52,96.16,3.84 83.04,90.72,3.84 40.8,47.52,3.84 60.48,96.16,3.84 38.4,96.16,3.84 33.12,42.72,3.84 3.84,19.2,3.84 90.72,26.88,3.84 23.52,11.52,3.84 40.32,82.08,3.84 54.72,64.32,3.84 11.52,3.84,3.84 3.84,11.52,3.84 82.08,33.12,3.84 13.44,65.76,3.84 70.08,60,3.84 28.8,96.16,3.84 63.36,89.28,3.84 21.12,68.16,3.84 89.76,35.52,3.84 55.68,89.28,3.84 96.16,19.2,3.84 19.2,19.2,3.84 3.84,84.96,3.84 3.84,92.64,3.84 3.84,36.48,3.84 83.04,27.84,3.84 3.84,3.84,3.84 96.16,34.56,3.84 13.44,31.2,3.84 31.2,15.84,3.84 62.4,62.4,3.84 74.4,35.04,3.84 44.16,23.04,3.84 74.4,24.48,4.8 89.28,49.44,4.8 24.48,59.52,4.8 46.08,65.76,4.8 51.84,14.4,4.8 61.44,4.8,4.8 4.8,27.84,4.8 78.72,59.04,4.8 88.32,66.72,4.8 95.2,66.72,4.8 4.8,66.72,4.8 69.12,14.4,4.8 71.04,4.8,4.8 29.76,34.08,4.8 52.8,71.04,4.8 4.8,76.32,4.8 14.4,74.4,4.8 31.68,83.04,4.8 48.96,80.64,4.8 58.56,80.64,4.8 68.16,80.64,4.8 12.48,84,4.8 12.48,39.84,4.8 29.76,92.64,4.8 39.36,90.72,4.8 27.84,24.48,4.8 49.44,43.68,4.8 51.84,4.8,4.8 95.2,93.6,4.8 66.72,43.68,4.8 12.48,93.6,4.8 52.8,22.08,4.8 29.76,95.2,4.8 91.68,43.2,4.8 66.72,95.2,4.8 4.8,45.12,4.8 14.4,49.44,4.8 20.16,95.2,4.8 48,56.16,4.8 69.12,95.2,4.8 78.72,95.2,4.8 23.28,36.72,6 6,55.92,6 41.04,6,6 73.2,89.52,6 41.04,18,6 81.84,6,6 70.8,52.56,6 93.84,6,6 40.56,37.68,6 52.56,32.88,6 35.28,64.56,6 63.6,25.2,6 78.96,77.52,6 55.92,94,6 29.04,6,6 94,89.52,6 85.2,94,6 94,94,6 13.68,13.68,6 25.2,48.72,6 63.6,69.84,6 37.2,52.56,6 38.64,94,6 50.64,94,6 64.56,32.88,6 87.6,18,6 90.96,77.52,6 58.8,54.48,6 
fitness 0.00292272
25.44,40.8,3.84 73.92,72.96,3.84 3.84,65.76,3.84 3.84,96.16,3.84 3.84,96.16,3.84 3.84,28.8,3.84 94.56,86.4,3.84 50.4,3.84,3.84 92.64,38.4,3.84 58.08,42.72,3.84 77.76,76.8,3.84 96.16,78.72,3.84 19.2,56.16,3.84 36.48,60,3.84 77.28,37.44,3.84 3.84,58.08,3.84 42.72,3.84,3.84 95.04,71.04,3.84 50.4,35.52,3.84 89.28,77.76,3.84 11.52,23.04,3.84 40.8,67.68,3.84 33.12,40.8,3.84 48.48,70.56,3.84 3.84,21.12,3.84 93.6,15.84,3.84 50.4,43.2,3.84 80.16,57.12,3.84 40.8,52.32,3.84 76.32,13.44,3.84 56.16,25.44,3.84 81.6,84.48,3.84 95.04,96.16,3.84 79.2,92.16,3.84 54.24,90.24,3.84 72.48,48,3.84 3.84,13.44,3.84 83.52,60.48,3.84 87.84,52.8,3.84 44.16,62.88,3.84 65.76,40.32,3.84 21.12,96.16,3.84 61.92,96,3.84 84.96,33.12,3.84 86.88,85.44,3.84 63.84,55.68,3.84 96.16,46.08,3.84 21.12,33.12,3.84 58.08,96.16,3.84 11.52,61.92,3.84 19.2,25.44,3.84 25.44,48.48,3.84 75.36,96.16,3.84 50.4,96.16,3.84 33.12,65.76,3.84 26.88,21.12,3.84 35.04,73.44,3.84 95.52,53.76,3.84 33.12,48.48,3.84 23.04,96.16,3.84 35.04,3.84,3.84 64.8,22.08,4.8 86.4,24.48,4.8 95.2,29.76,4.8 12.48,14.4,4.8 12.48,31.68,4.8 27.84,57.12,4.8 22.08,16.8,4.8 41.76,34.08,4.8 31.68,12.48,4.8 92.16,62.4,4.8 59.04,34.08,4.8 12.48,70.56,4.8 68.64,31.68,4.8 69.12,64.32,4.8 86.4,69.12,4.8 4.8,37.44,4.8 4.8,74.4,4.8 14.4,80.16,4.8 43.68,76.32,4.8 65.28,87.36,4.8 14.4,4.8,4.8 84.96,16.8,4.8 41.76,43.68,4.8 4.8,84,4.8 14.4,89.76,4.8 36,82.08,4.8 45.6,85.92,4.8 59.04,4.8,4.8 68.64,4.8,4.8 70.56,81.6,4.8 4.8,93.6,4.8 14.4,95.2,4.8 43.68,95.2,4.8 65.28,95.2,4.8 74.88,91.2,4.8 16.8,53.28,4.8 12.48,95.2,4.8 29.76,95.2,4.8 35.52,24.48,4.8 66.72,95.2,4.8 4.8,4.8,4.8 25.2,78,6 15.6,42.48,6 42.48,13.68,6 75.6,47.28,6 87.6,42.96,6 79.44,6,6 54.48,80.4,6 54.48,13.68,6 6,48.24,6 32.88,92.88,6 58.32,76.56,6 54.48,94,6 54,64.56,6 66.48,15.6,6 85.68,94,6 94,94,6 25.2,6,6 75.6,27.6,6 91.44,6,6 73.68,66.96,6 40.56,94,6 25.2,90,6 46.32,25.68,6 23.28,66,6 50.64,53.04,6 85.2,94,6 62.64,52.56,6 30.96,30.96,6 
fitness 0.00291471
84.96,96.16,3.84 11.52,15.84,3.84 31.2,13.44,3.84 92.64,96.16,3.84 67.68,72.96,3.84 80.64,68.64,3.84 30.72,42.72,3.84 67.68,40.32,3.84 83.04,88.32,3.84 60,75.36,3.84 50.4,61.44,3.84 67.2,33.12,3.84 19.2,96.16,3.84 61.92,25.44,3.84 30.72,69.6,3.84 55.68,60,3.84 11.52,93.12,3.84 13.44,60.48,3.84 85.92,3.84,3.84 75.36,47.52,3.84 23.04,45.12,3.84 47.52,33.12,3.84 96.16,84,3.84 55.68,96.16,3.84 88.32,67.68,3.84 75.36,55.2,3.84 3.84,96.16,3.84 46.08,76.8,3.84 13.44,85.44,3.84 48,69.12,3.84 38.4,40.8,3.84 3.84,3.84,3.84 26.88,94.56,3.84 72.96,62.88,3.84 61.44,65.28,3.84 38.88,13.44,3.84 75.36,78.24,3.84 11.52,96.16,3.84 23.52,52.8,3.84 69.6,23.04,3.84 15.84,52.8,3.84 21.12,60.48,3.84 48,96.16,3.84 52.32,84.48,3.84 88.8,75.36,3.84 71.52,95.52,3.84 27.84,37.44,3.84 3.84,72,3.84 92.64,50.4,3.84 3.84,96.16,3.84 13.44,23.52,3.84 3.84,11.52,3.84 67.68,48,3.84 54.24,92.64,3.84 38.4,67.68,3.84 34.56,96.16,3.84 69.12,70.56,3.84 79.2,96.16,3.84 13.44,77.76,3.84 30.72,86.88,3.84 53.76,67.68,3.84 93.6,59.04,4.8 4.8,63.36,4.8 31.68,22.08,4.8 29.76,60.96,4.8 39.36,59.04,4.8 53.28,28.8,4.8 77.28,4.8,4.8 64.32,56.64,4.8 90.24,28.8,4.8 12.48,69.12,4.8 22.08,69.12,4.8 36.48,4.8,4.8 75.84,31.68,4.8 4.8,80.64,4.8 22.08,78.72,4.8 31.68,78.24,4.8 4.8,41.76,4.8 14.4,44.16,4.8 46.08,4.8,4.8 91.68,84,4.8 4.8,90.24,4.8 22.08,88.32,4.8 59.04,41.76,4.8 63.36,84,4.8 84.96,86.88,4.8 94.56,95.2,4.8 84,50.4,4.8 71.52,14.4,4.8 62.88,93.6,4.8 32.16,51.36,4.8 95.2,95.2,4.8 41.76,49.44,4.8 4.8,20.16,4.8 20.16,95.2,4.8 29.76,95.2,4.8 39.36,95.2,4.8 59.04,51.36,4.8 67.68,4.8,4.8 76.32,95.2,4.8 22.08,28.8,4.8 84,60,4.8 52.56,94,6 94,74.16,6 74.16,82.8,6 86.64,37.68,6 6,30.96,6 48.72,18,6 60.72,15.6,6 94,39.6,6 13.68,6,6 6,52.56,6 44.4,94,6 82.32,13.68,6 79.44,25.68,6 94,18,6 42.48,77.52,6 89.04,94,6 18,33.36,6 94,6,6 21.36,18,6 37.68,32.88,6 56.88,6,6 25.68,6,6 57.36,39.6,6 48.24,51.6,6 65.52,94,6 42.48,23.28,6 78.96,78.48,6 40.56,89.52,6 
fitness 0.00289254
3.84,77.76,3.84 31.2,53.76,3.84 13.44,3.84,3.84 38.88,26.88,3.84 3.84,42.72,3.84 67.68,89.28,3.84 33.12,3.84,3.84 96.16,3.84,3.84 94.08,50.4,3.84 23.52,96.16,3.84 74.4,96.16,3.84 15.84,96.16,3.84 3.84,85.44,3.84 38.88,49.92,3.84 48.48,51.84,3.84 92.64,42.72,3.84 91.68,3.84,3.84 77.76,78.72,3.84 70.56,64.32,3.84 15.84,70.08,3.84 94.08,96.16,3.84 43.2,57.6,3.84 86.4,42.72,3.84 73.44,96,3.84 87.84,58.08,3.84 19.2,96.16,3.84 11.52,62.4,3.84 3.84,35.04,3.84 31.2,28.8,3.84 85.44,73.44,3.84 48.48,96.16,3.84 73.44,51.84,3.84 56.16,37.44,3.84 3.84,50.4,3.84 40.8,3.84,3.84 87.84,65.76,3.84 45.12,19.2,3.84 15.84,11.52,3.84 11.52,93.12,3.84 42.72,11.52,3.84 11.52,77.76,3.84 35.52,61.44,3.84 43.2,65.28,3.84 50.88,71.52,3.84 11.52,85.44,3.84 3.84,93.12,3.84 96.16,58.08,3.84 38.4,72.96,3.84 70.56,72,3.84 95.52,67.68,3.84 60.48,86.4,3.84 33.12,46.08,3.84 56.16,54.72,3.84 37.44,21.12,3.84 81.12,50.4,3.84 40.32,34.56,3.84 3.84,58.08,3.84 56.16,96.16,3.84 74.4,27.84,3.84 40.8,42.24,3.84 23.52,37.44,3.84 83.04,4.8,4.8 53.76,24,4.8 89.76,59.04,4.8 4.8,4.8,4.8 83.04,24,4.8 92.64,24.48,4.8 79.2,60.48,4.8 49.44,4.8,4.8 24.48,16.8,4.8 47.52,33.6,4.8 34.08,12.48,4.8 64.8,36.48,4.8 74.4,33.6,4.8 79.2,70.08,4.8 84,34.08,4.8 95.2,76.32,4.8 51.36,14.4,4.8 12.48,44.16,4.8 51.84,80.16,4.8 22.08,46.08,4.8 69.12,80.64,4.8 31.68,37.44,4.8 60.96,16.8,4.8 94.08,85.92,4.8 48.96,43.2,4.8 58.56,46.08,4.8 20.16,95.2,4.8 29.76,82.08,4.8 68.16,46.08,4.8 47.04,89.76,4.8 77.76,43.2,4.8 76.32,87.36,4.8 82.56,14.4,4.8 39.84,81.6,4.8 12.48,53.76,4.8 64.8,95.2,4.8 4.8,26.4,4.8 94.08,95.2,4.8 32.16,95.2,4.8 53.76,95.2,4.8 64.8,55.68,4.8 21.36,92.88,6 33.36,71.28,6 57.84,94,6 25.68,80.88,6 48.72,61.68,6 87.12,83.28,6 94,94,6 71.76,18,6 60.72,64.56,6 93.36,13.68,6 29.04,92.88,6 13.68,33.36,6 60.72,76.56,6 23.28,56.88,6 21.36,68.88,6 6,15.6,6 83.28,94,6 64.56,27.6,6 6,94,6 15.6,21.36,6 27.6,27.6,6 6,67.92,6 42.96,92.4,6 60.24,6,6 64.56,94,6 72.24,6,6 84.24,94,6 23.28,6,6 
fitness 0.00288622
13.44,96.16,3.84 60,35.52,3.84 96.16,46.08,3.84 73.44,83.04,3.84 67.68,13.44,3.84 11.52,33.12,3.84 11.52,65.76,3.84 67.68,33.12,3.84 49.92,76.8,3.84 11.52,40.8,3.84 74.88,69.6,3.84 34.56,71.52,3.84 52.32,96.16,3.84 19.2,68.16,3.84 93.12,96.16,3.84 92.16,73.44,3.84 60.48,84.48,3.84 75.36,33.12,3.84 43.2,96.16,3.84 23.52,60.48,3.84 3.84,38.4,3.84 13.44,13.44,3.84 23.52,83.52,3.84 67.2,67.68,3.84 23.04,3.84,3.84 44.16,44.64,3.84 19.2,40.8,3.84 40.8,91.2,3.84 3.84,23.04,3.84 3.84,30.72,3.84 67.68,96.16,3.84 68.16,79.68,3.84 91.2,48,3.84 15.84,58.08,3.84 26.88,72,3.84 75.84,75.36,3.84 75.84,40.8,3.84 59.04,52.32,3.84 28.8,11.52,3.84 28.8,79.68,3.84 21.12,11.52,3.84 89.76,96.16,3.84 95.52,52.32,3.84 48.48,91.68,3.84 79.2,62.4,3.84 83.52,77.28,3.84 42.24,72,3.84 60,3.84,3.84 83.52,44.64,3.84 62.88,96.16,3.84 35.52,96.16,3.84 30.72,3.84,3.84 3.84,96.16,3.84 56.16,92.16,3.84 60,96.16,3.84 3.84,70.08,3.84 15.84,81.12,3.84 13.44,73.44,3.84 36.48,42.24,3.84 85.92,25.44,3.84 21.12,75.84,3.84 37.44,14.4,4.8 84,36,4.8 93.6,39.36,4.8 58.56,71.04,4.8 47.04,16.8,4.8 68.64,4.8,4.8 83.52,78.72,4.8 88.32,16.8,4.8 4.8,78.72,4.8 27.84,39.36,4.8 95.2,14.4,4.8 78.24,4.8,4.8 24.48,20.16,4.8 34.08,20.16,4.8 43.68,24,4.8 53.28,26.4,4.8 92.16,88.32,4.8 16.8,49.44,4.8 50.4,50.88,4.8 32.16,88.32,4.8 95.2,4.8,4.8 67.68,56.16,4.8 77.28,53.76,4.8 64.8,88.32,4.8 86.88,49.44,4.8 94.56,26.4,4.8 4.8,14.4,4.8 14.4,4.8,4.8 32.16,29.76,4.8 87.84,59.04,4.8 71.52,95.2,4.8 81.12,91.68,4.8 95.2,60.96,4.8 4.8,95.2,4.8 41.76,33.6,4.8 22.08,95.2,4.8 43.68,95.2,4.8 51.36,36,4.8 39.36,4.8,4.8 4.8,4.8,4.8 76.32,95.2,4.8 66,42.96,6 57.84,13.68,6 6,60.24,6 21.36,30.96,6 89.04,6,6 83.28,87.12,6 33.36,62.16,6 45.36,61.68,6 13.68,90.96,6 25.68,93.36,6 57.36,62.16,6 69.36,66.96,6 53.04,94,6 64.08,25.68,6 38.64,81.36,6 50.64,81.84,6 6,48.24,6 94,94,6 76.08,23.28,6 27.6,50.64,6 39.6,50.16,6 32.88,94,6 13.68,23.28,6 6,89.52,6 77.52,15.6,6 50.16,6,6 54,45.36,6 87.12,94,6 
fitness 0.00288197
66.24,81.6,3.84 53.76,45.12,3.84 92.64,11.52,3.84 38.4,13.44,3.84 93.6,65.76,3.84 42.72,50.4,3.84 66.24,64.32,3.84 3.84,50.4,3.84 28.8,19.2,3.84 86.4,36.48,3.84 58.56,62.4,3.84 3.84,21.12,3.84 89.28,31.2,3.84 13.44,36.48,3.84 43.2,58.08,3.84 96.16,3.84,3.84 90.72,96.16,3.84 19.2,72.96,3.84 15.84,28.8,3.84 63.36,89.28,3.84 23.52,57.6,3.84 66.72,96.16,3.84 83.04,93.12,3.84 77.28,15.84,3.84 89.76,23.52,3.84 55.68,91.68,3.84 71.04,40.8,3.84 28.8,3.84,3.84 46.56,82.08,3.84 13.44,11.52,3.84 84.96,15.84,3.84 44.64,95.04,3.84 50.88,62.4,3.84 21.12,40.32,3.84 38.4,42.72,3.84 30.72,11.52,3.84 78.72,38.88,3.84 11.52,3.84,3.84 48,89.76,3.84 73.92,35.04,3.84 58.08,3.84,3.84 3.84,89.76,3.84 15.84,56.16,3.84 11.52,73.44,3.84 3.84,82.08,3.84 25.44,65.28,3.84 81.6,33.12,3.84 83.04,85.44,3.84 75.36,96.16,3.84 60,96.16,3.84 26.88,79.68,3.84 52.32,96.16,3.84 21.12,23.04,3.84 48.48,27.84,3.84 3.84,3.84,3.84 96.16,19.2,3.84 45.12,65.76,3.84 11.52,81.12,3.84 3.84,96.16,3.84 46.08,45.12,3.84 67.68,96.16,3.84 86.88,57.12,4.8 16.8,64.8,4.8 68.64,14.4,4.8 29.76,37.44,4.8 65.76,71.04,4.8 75.36,72.96,4.8 84.96,71.04,4.8 81.12,24.48,4.8 4.8,12.48,4.8 20.16,4.8,4.8 62.4,43.68,4.8 22.08,14.4,4.8 24.48,31.68,4.8 34.08,27.84,4.8 74.88,80.64,4.8 95.04,51.36,4.8 43.68,34.08,4.8 20.16,81.6,4.8 29.76,88.32,4.8 39.36,86.4,4.8 24.48,48.96,4.8 34.08,47.04,4.8 53.28,36.48,4.8 51.36,53.76,4.8 16.8,89.76,4.8 26.4,91.2,4.8 36,95.2,4.8 60.96,53.76,4.8 82.56,49.44,4.8 92.16,47.52,4.8 66.72,4.8,4.8 12.48,20.16,4.8 37.44,4.8,4.8 95.2,27.84,4.8 95.2,95.2,4.8 4.8,41.76,4.8 48.48,95.2,4.8 58.08,95.2,4.8 59.04,12.48,4.8 75.36,95.2,4.8 84.96,95.2,4.8 35.28,69.84,6 77.52,6,6 54.96,72.24,6 58.32,23.28,6 73.2,91.44,6 6,60.24,6 92.88,94,6 6,94,6 70.32,25.2,6 89.52,6,6 33.36,57.84,6 13.68,46.32,6 64.08,35.28,6 48.24,18,6 36.72,75.6,6 48.24,6,6 56.4,81.84,6 76.08,60.24,6 6,30.96,6 85.68,75.6,6 13.68,94,6 25.68,94,6 37.68,94,6 94,91.92,6 94,72.24,6 6,72.24,6 38.64,23.28,6 71.76,54.48,6 
fitness 0.00287678
46.08,89.28,3.84 89.28,68.16,3.84 39.84,15.84,3.84 69.6,30.72,3.84 23.04,55.2,3.84 3.84,31.2,3.84 65.76,53.76,3.84 19.2,80.16,3.84 3.84,23.52,3.84 65.28,92.16,3.84 13.44,93.6,3.84 23.52,62.88,3.84 96.16,40.8,3.84 46.08,81.6,3.84 65.76,76.8,3.84 40.32,96.16,3.84 63.36,69.12,3.84 83.04,60.48,3.84 3.84,3.84,3.84 91.68,96.16,3.84 74.4,23.04,3.84 72,61.44,3.84 3.84,93.12,3.84 71.04,77.76,3.84 3.84,75.84,3.84 57.6,96.16,3.84 77.76,50.88,3.84 66.72,96.16,3.84 93.6,48.48,3.84 19.2,47.52,3.84 26.88,45.12,3.84 85.92,3.84,3.84 89.28,28.8,3.84 32.64,96.16,3.84 93.6,3.84,3.84 66.72,15.84,3.84 66.24,38.4,3.84 42.72,32.64,3.84 58.56,42.72,3.84 3.84,38.88,3.84 11.52,47.04,3.84 73.92,43.2,3.84 89.76,21.12,3.84 72.96,96.16,3.84 88.32,87.36,3.84 3.84,56.16,3.84 11.52,85.92,3.84 23.52,27.84,3.84 21.12,87.84,3.84 28.8,91.68,3.84 82.08,23.52,3.84 73.44,85.44,3.84 44.64,69.6,3.84 74.4,84.48,3.84 58.08,62.4,3.84 70.08,46.08,3.84 42.72,52.32,3.84 50.4,56.64,3.84 31.2,64.8,3.84 52.32,73.92,3.84 96,83.52,3.84 77.28,4.8,4.8 80.64,69.12,4.8 12.48,38.4,4.8 4.8,47.52,4.8 14.4,55.68,4.8 34.08,36.48,4.8 27.84,83.04,4.8 37.44,78.24,4.8 75.36,14.4,4.8 54.72,83.04,4.8 51.36,36,4.8 60.96,34.08,4.8 79.68,76.8,4.8 95.2,12.48,4.8 95.2,57.12,4.8 4.8,84.48,4.8 12.48,4.8,4.8 46.08,4.8,4.8 44.16,24,4.8 37.44,87.84,4.8 39.84,60.96,4.8 49.44,65.28,4.8 65.76,24.48,4.8 94.08,95.2,4.8 55.68,4.8,4.8 12.48,95.2,4.8 34.08,95.2,4.8 74.4,59.52,4.8 48.48,14.4,4.8 83.04,94.08,4.8 91.68,66.72,4.8 4.8,95.2,4.8 14.4,95.2,4.8 24,95.2,4.8 16.8,77.28,4.8 26.4,71.52,4.8 48.96,95.2,4.8 36,73.44,4.8 58.08,14.4,4.8 95.2,32.16,4.8 81.6,95.2,4.8 13.68,27.6,6 62.16,72.24,6 55.92,93.84,6 35.28,6,6 87.6,50.64,6 83.28,87.6,6 23.28,37.68,6 94,77.52,6 36.72,42.48,6 23.28,94,6 13.68,66.48,6 44.88,94,6 56.88,94,6 48.72,46.8,6 33.36,25.68,6 66.48,6,6 54.96,25.2,6 83.76,38.64,6 6,13.68,6 18,15.6,6 79.44,33.36,6 86.16,13.68,6 6,66,6 32.88,54.96,6 30,18,6 23.28,6,6 60.24,52.56,6 92.4,94,6 
fitness 0.00284093
83.52,71.04,3.84 23.52,61.92,3.84 76.32,83.04,3.84 11.52,71.04,3.84 3.84,86.4,3.84 69.12,40.8,3.84 58.08,57.12,3.84 96.16,74.4,3.84 32.64,26.88,3.84 92.64,23.52,3.84 89.76,11.52,3.84 11.52,48,3.84 3.84,27.84,3.84 28.8,19.2,3.84 77.76,3.84,3.84 96.16,15.84,3.84 70.08,3.84,3.84 15.84,3.84,3.84 79.2,28.8,3.84 37.44,11.52,3.84 91.68,78.72,3.84 11.52,21.12,3.84 48.48,58.08,3.84 28.8,44.16,3.84 31.2,96.16,3.84 89.76,96.16,3.84 56.16,64.8,3.84 67.68,23.52,3.84 85.44,3.84,3.84 3.84,54.72,3.84 45.12,13.44,3.84 15.84,55.68,3.84 64.32,72.48,3.84 49.92,30.72,3.84 87.36,46.08,3.84 23.04,86.88,3.84 81.12,53.76,3.84 3.84,96.16,3.84 23.52,3.84,3.84 21.12,94.56,3.84 75.36,21.12,3.84 82.08,92.64,3.84 86.4,38.4,3.84 62.4,96.16,3.84 58.56,80.16,3.84 72,65.76,3.84 15.84,63.36,3.84 51.84,38.4,3.84 75.84,77.28,3.84 15.84,96.16,3.84 31.2,3.84,3.84 40.8,59.52,3.84 96.16,94.08,3.84 50.88,77.76,3.84 19.2,79.2,3.84 82.08,96.16,3.84 23.52,96.16,3.84 84,84.96,3.84 52.8,13.44,3.84 63.84,58.08,3.84 60.48,15.84,3.84 47.04,22.08,4.8 66.72,49.44,4.8 95.2,56.16,4.8 39.84,4.8,4.8 32.16,52.8,4.8 84,20.16,4.8 49.44,4.8,4.8 4.8,36.48,4.8 14.4,29.76,4.8 72.48,59.04,4.8 24,34.08,4.8 89.76,65.76,4.8 24.48,70.56,4.8 34.08,62.4,4.8 43.68,68.16,4.8 41.28,31.68,4.8 81.12,12.48,4.8 80.64,68.64,4.8 90.24,62.4,4.8 70.56,32.16,4.8 87.84,29.76,4.8 4.8,46.08,4.8 67.2,74.4,4.8 14.4,39.36,4.8 24,43.68,4.8 4.8,95.04,4.8 14.4,79.68,4.8 33.6,35.52,4.8 43.68,89.76,4.8 43.2,41.28,4.8 60.48,48.48,4.8 16.8,12.48,4.8 77.76,37.44,4.8 12.48,89.28,4.8 29.76,95.2,4.8 20.16,24.48,4.8 20.16,53.28,4.8 37.44,22.08,4.8 51.84,95.2,4.8 61.44,95.2,4.8 37.44,50.88,4.8 32.88,85.2,6 94,6,6 54.48,87.6,6 66.48,90,6 6,6,6 6,18,6 29.04,73.2,6 41.04,78.96,6 94,33.36,6 54.48,67.92,6 27.6,13.68,6 57.84,25.68,6 40.56,94,6 52.56,94,6 94,45.36,6 72.24,92.88,6 6,76.56,6 91.92,88.56,6 6,94,6 60.24,6,6 70.32,13.68,6 93.36,84.24,6 41.04,94,6 77.52,48.24,6 59.76,37.68,6 72.24,94,6 6,64.56,6 48.24,48.24,6 
fitness 0.00283598
87.84,80.64,3.84 68.16,52.32,3.84 63.84,60,3.84 43.2,87.84,3.84 15.84,96.16,3.84 75.36,25.44,3.84 3.84,61.92,3.84 87.84,46.08,3.84 95.04,3.84,3.84 90.72,69.6,3.84 69.6,44.64,3.84 58.56,85.44,3.84 50.4,19.2,3.84 58.08,23.52,3.84 11.52,3.84,3.84 87.36,3.84,3.84 90.72,19.2,3.84 25.44,50.4,3.84 3.84,69.6,3.84 44.64,11.52,3.84 57.12,92.64,3.84 15.84,92.64,3.84 11.52,60,3.84 38.4,3.84,3.84 23.04,42.72,3.84 60.48,48.48,3.84 74.4,96.16,3.84 96.16,77.28,3.84 46.08,3.84,3.84 96.16,11.52,3.84 42.72,19.2,3.84 52.8,48.48,3.84 84,33.12,3.84 38.4,68.16,3.84 96.16,69.6,3.84 33.12,54.72,3.84 11.52,77.28,3.84 65.28,67.68,3.84 15.84,84.96,3.84 72.96,74.4,3.84 30.72,70.08,3.84 50.88,84.96,3.84 3.84,3.84,3.84 91.2,96.16,3.84 31.2,62.4,3.84 66.72,31.2,3.84 96.16,52.32,3.84 23.04,25.44,3.84 91.68,28.8,3.84 30.72,47.04,3.84 84,82.08,3.84 15.84,30.72,3.84 33.12,96.16,3.84 52.32,11.52,3.84 60,15.84,3.84 3.84,77.28,3.84 56.16,56.16,3.84 23.52,89.28,3.84 83.04,21.12,3.84 91.68,72.96,3.84 38.88,60.48,3.84 66.72,26.4,4.8 36,14.4,4.8 95.2,60.96,4.8 66.72,4.8,4.8 47.52,57.12,4.8 24.48,34.08,4.8 72.48,65.76,4.8 82.08,54.72,4.8 46.08,27.84,4.8 12.48,68.64,4.8 22.08,71.04,4.8 75.36,36,4.8 80.64,16.8,4.8 47.04,66.72,4.8 56.64,64.8,4.8 90.24,12.48,4.8 4.8,43.68,4.8 81.6,64.32,4.8 91.2,78.24,4.8 14.4,39.36,4.8 20.16,4.8,4.8 4.8,22.08,4.8 20.16,80.64,4.8 53.76,76.32,4.8 75.36,76.32,4.8 51.36,39.84,4.8 60.96,39.84,4.8 14.4,22.08,4.8 90.24,37.44,4.8 29.76,4.8,4.8 79.2,90.72,4.8 4.8,53.28,4.8 36.48,95.2,4.8 65.76,94.08,4.8 4.8,12.48,4.8 24.48,95.2,4.8 14.4,12.48,4.8 41.76,95.2,4.8 63.36,95.2,4.8 72.96,95.2,4.8 82.56,95.2,4.8 33.36,91.92,6 79.44,42.96,6 21.36,60.24,6 6,32.88,6 68.4,87.12,6 77.52,6,6 30.96,79.92,6 94,94,6 6,94,6 15.6,50.16,6 25.68,94,6 42.96,78,6 47.28,94,6 32.88,25.2,6 56.88,29.04,6 64.56,75.6,6 84.24,94,6 94,90.48,6 6,94,6 42.96,50.64,6 69.84,15.6,6 40.56,38.64,6 55.92,6,6 52.56,94,6 6,87.12,6 78,54.96,6 35.28,37.2,6 25.2,15.6,6 
fitness 0.00283374
96.16,23.04,3.84 47.04,11.52,3.84 87.84,65.76,3.84 70.08,38.4,3.84 54.72,87.36,3.84 11.52,50.4,3.84 96.16,96.16,3.84 13.44,86.88,3.84 15.84,25.44,3.84 62.4,45.12,3.84 53.76,96.16,3.84 56.16,52.8,3.84 21.12,96.16,3.84 15.84,33.12,3.84 48.48,33.12,3.84 3.84,96.16,3.84 11.52,96.16,3.84 77.76,38.4,3.84 73.92,13.44,3.84 40.8,28.8,3.84 82.08,81.12,3.84 91.2,11.52,3.84 3.84,3.84,3.84 72.48,21.12,3.84 85.44,36.48,3.84 38.4,96.16,3.84 48.48,52.8,3.84 46.08,96.16,3.84 64.8,25.44,3.84 77.76,3.84,3.84 77.76,30.72,3.84 96.16,96.16,3.84 48.48,3.84,3.84 71.52,58.08,3.84 89.76,19.2,3.84 85.44,3.84,3.84 74.4,89.76,3.84 35.52,27.84,3.84 93.12,40.32,3.84 42.72,36.48,3.84 95.52,63.84,3.84 56.16,96.16,3.84 21.12,3.84,3.84 84,73.44,3.84 40.8,3.84,3.84 31.2,54.72,3.84 75.84,46.08,3.84 13.44,94.56,3.84 3.84,52.8,3.84 91.68,71.52,3.84 73.44,88.8,3.84 63.84,60.48,3.84 28.8,96.16,3.84 54.72,79.68,3.84 47.04,72.96,3.84 91.2,48,3.84 83.52,44.16,3.84 23.52,33.12,3.84 61.44,96.16,3.84 3.84,45.12,3.84 48.48,95.04,3.84 16.8,68.64,4.8 26.4,75.36,4.8 48,64.32,4.8 57.6,71.04,4.8 67.2,69.12,4.8 34.08,46.08,4.8 12.48,4.8,4.8 16.8,78.24,4.8 26.4,84.96,4.8 55.68,12.48,4.8 81.12,22.08,4.8 63.36,78.72,4.8 65.28,16.8,4.8 69.12,4.8,4.8 82.56,12.48,4.8 4.8,95.2,4.8 94.08,4.8,4.8 46.08,81.6,4.8 32.16,36.48,4.8 95.2,14.4,4.8 39.84,45.12,4.8 90.72,80.16,4.8 4.8,12.48,4.8 4.8,95.2,4.8 69.12,29.76,4.8 26.4,12.48,4.8 86.4,27.84,4.8 95.2,31.68,4.8 95.2,61.44,4.8 64.8,95.2,4.8 16.8,59.04,4.8 94.08,95.2,4.8 26.4,65.76,4.8 36,63.36,4.8 20.16,95.2,4.8 29.76,95.2,4.8 45.6,54.72,4.8 55.2,61.44,4.8 44.16,20.16,4.8 12.48,41.76,4.8 82.08,95.2,4.8 52.56,42.96,6 66,48.24,6 64.56,89.52,6 37.2,74.16,6 58.32,35.28,6 25.68,23.28,6 30.96,6,6 78,67.92,6 6,35.28,6 6,62.64,6 6,86.64,6 38.64,92.4,6 15.6,15.6,6 54.96,23.28,6 37.2,86.16,6 58.32,6,6 83.28,90.96,6 21.36,54.96,6 23.28,42.96,6 74.16,79.92,6 6,23.28,6 37.2,18,6 81.36,55.92,6 93.36,54,6 6,74.64,6 23.28,94,6 71.28,94,6 35.28,94,6 
fitness 0.0028232
39.84,25.44,3.84 63.36,60,3.84 78.72,96.16,3.84 83.04,38.4,3.84 23.52,3.84,3.84 94.08,96.16,3.84 19.2,50.4,3.84 3.84,48.48,3.84 55.68,64.32,3.84 38.4,30.72,3.84 88.32,96.16,3.84 75.36,49.44,3.84 30.72,33.12,3.84 21.12,58.08,3.84 65.76,52.32,3.84 96.16,23.04,3.84 3.84,96.16,3.84 96.16,96.16,3.84 3.84,11.52,3.84 3.84,3.84,3.84 25.44,42.72,3.84 69.6,77.28,3.84 3.84,56.16,3.84 11.52,93.6,3.84 3.84,63.84,3.84 92.64,84.48,3.84 77.28,76.8,3.84 19.2,90.72,3.84 84.96,65.28,3.84 66.24,94.56,3.84 38.4,67.2,3.84 48,51.84,3.84 86.88,30.72,3.84 46.08,81.12,3.84 89.28,72.96,3.84 73.44,57.12,3.84 19.2,83.04,3.84 13.44,85.92,3.84 96,88.8,3.84 48.48,44.16,3.84 60.48,3.84,3.84 21.12,75.36,3.84 80.64,80.64,3.84 3.84,88.8,3.84 3.84,31.2,3.84 67.68,44.64,3.84 26.88,96.16,3.84 11.52,59.04,3.84 47.04,96.16,3.84 55.2,19.2,3.84 52.8,3.84,3.84 49.92,11.52,3.84 47.52,23.04,3.84 46.56,88.8,3.84 53.76,93.6,3.84 3.84,81.12,3.84 11.52,96.16,3.84 86.4,96.16,3.84 33.12,40.8,3.84 50.4,36.48,3.84 30.72,70.08,3.84 82.08,47.04,4.8 12.48,67.68,4.8 75.84,26.4,4.8 29.76,61.44,4.8 39.36,58.56,4.8 93.12,4.8,4.8 44.16,4.8,4.8 84,56.64,4.8 12.48,38.4,4.8 12.48,77.28,4.8 22.08,66.72,4.8 22.08,34.08,4.8 12.48,16.8,4.8 47.04,60.48,4.8 68.64,68.64,4.8 22.08,12.48,4.8 47.04,27.84,4.8 56.64,36.48,4.8 4.8,72.48,4.8 66.24,36,4.8 29.76,78.72,4.8 39.36,75.84,4.8 60.96,84.96,4.8 31.68,16.8,4.8 95.2,39.84,4.8 95.2,93.12,4.8 4.8,39.84,4.8 41.28,14.4,4.8 27.84,88.32,4.8 37.44,85.44,4.8 41.76,39.36,4.8 62.4,85.92,4.8 72,95.2,4.8 59.04,46.08,4.8 70.56,16.8,4.8 80.16,16.8,4.8 89.76,14.4,4.8 16.8,95.2,4.8 26.4,95.2,4.8 39.84,48.96,4.8 57.12,55.68,4.8 86.64,27.6,6 94,74.64,6 79.44,86.64,6 59.76,13.68,6 92.88,62.64,6 57.84,74.16,6 77.04,39.6,6 15.6,49.2,6 92.88,50.64,6 6,21.36,6 36.72,94,6 18,27.6,6 56.4,94,6 30,23.28,6 76.08,94,6 88.08,90.48,6 29.04,50.64,6 6,94,6 65.04,25.68,6 73.2,66.96,6 37.2,94,6 50.16,71.28,6 56.88,94,6 68.88,94,6 33.36,6,6 13.68,6,6 70.32,6,6 82.32,6,6 
fitness 0.00280761
95.04,96.16,3.84 34.56,49.92,3.84 54.72,11.52,3.84 59.04,38.88,3.84 73.44,3.84,3.84 67.68,61.92,3.84 92.64,21.12,3.84 96,75.84,3.84 58.08,89.76,3.84 50.4,85.44,3.84 44.64,32.64,3.84 61.92,96.16,3.84 33.12,3.84,3.84 65.76,89.28,3.84 91.2,11.52,3.84 50.4,3.84,3.84 88.32,77.76,3.84 21.12,27.84,3.84 3.84,89.28,3.84 62.88,96.16,3.84 96.16,58.08,3.84 86.88,95.52,3.84 69.6,96.16,3.84 81.12,3.84,3.84 50.4,56.16,3.84 87.36,58.56,3.84 96.16,3.84,3.84 88.8,3.84,3.84 23.04,79.2,3.84 3.84,11.52,3.84 42.72,57.6,3.84 23.04,96.16,3.84 70.08,69.6,3.84 84.96,19.2,3.84 13.44,25.44,3.84 21.12,96.16,3.84 19.2,59.52,3.84 30.72,67.68,3.84 95.04,65.76,3.84 52.32,31.2,3.84 77.28,21.12,3.84 3.84,3.84,3.84 60,28.8,3.84 96,38.88,3.84 3.84,50.4,3.84 94.56,96.16,3.84 70.56,96.16,3.84 31.2,96.16,3.84 35.04,60,3.84 15.84,79.2,3.84 58.08,3.84,3.84 77.76,70.08,3.84 88.32,40.8,3.84 65.76,3.84,3.84 60,21.12,3.84 26.88,52.32,3.84 62.4,70.08,3.84 78.24,96.16,3.84 11.52,52.32,3.84 23.52,96.16,3.84 15.84,96.16,3.84 14.4,70.56,4.8 68.64,31.68,4.8 16.8,43.68,4.8 50.4,41.28,4.8 36.48,12.48,4.8 79.68,41.28,4.8 86.4,67.2,4.8 95.2,74.4,4.8 46.08,14.4,4.8 24.48,87.84,4.8 34.08,76.32,4.8 55.68,76.8,4.8 29.76,22.08,4.8 39.36,24,4.8 12.48,4.8,4.8 12.48,87.84,4.8 68.64,22.08,4.8 41.76,90.24,4.8 63.36,12.48,4.8 72.96,12.48,4.8 43.2,47.52,4.8 74.4,86.4,4.8 76.8,49.44,4.8 4.8,95.2,4.8 14.4,95.2,4.8 82.56,12.48,4.8 31.68,95.2,4.8 41.28,95.2,4.8 4.8,59.04,4.8 14.4,60.96,4.8 78.24,95.2,4.8 4.8,29.76,4.8 14.4,34.08,4.8 36,31.68,4.8 59.04,61.44,4.8 41.76,4.8,4.8 95.2,12.48,4.8 4.8,20.16,4.8 4.8,68.64,4.8 86.88,95.2,4.8 95.2,95.2,4.8 87.6,48.72,6 40.56,67.44,6 52.56,66,6 68.88,38.64,6 85.2,85.68,6 23.28,6,6 25.2,37.68,6 25.2,69.36,6 79.44,30.96,6 6,79.44,6 91.44,29.04,6 52.08,94,6 6,40.56,6 50.16,21.36,6 44.88,79.44,6 27.6,49.68,6 66.48,79.92,6 6,94,6 78.48,79.44,6 77.52,60.24,6 39.6,42.48,6 41.04,94,6 53.04,94,6 13.68,15.6,6 54,50.64,6 66,52.08,6 30.96,87.12,6 25.68,18,6 
fitness 0.00279123
52.8,45.12,3.84 62.4,88.8,3.84 71.04,48.48,3.84 38.88,69.6,3.84 15.84,89.76,3.84 48.48,93.6,3.84 96.16,92.64,3.84 35.04,13.44,3.84 59.52,54.24,3.84 19.2,72,3.84 91.2,56.16,3.84 60.48,38.88,3.84 11.52,70.08,3.84 87.36,33.12,3.84 79.68,77.76,3.84 78.72,48.48,3.84 37.44,42.72,3.84 32.64,60,3.84 94.08,64.32,3.84 96.16,81.6,3.84 65.28,23.52,3.84 3.84,73.92,3.84 53.76,46.56,3.84 86.4,60,3.84 19.2,54.72,3.84 94.56,35.04,3.84 57.6,23.52,3.84 55.2,96.16,3.84 45.12,44.64,3.84 36.48,52.32,3.84 13.44,35.52,3.84 56.16,61.92,3.84 90.72,77.28,3.84 3.84,56.64,3.84 72,81.6,3.84 95.04,84.96,3.84 79.68,33.12,3.84 42.72,77.28,3.84 71.04,3.84,3.84 3.84,96.16,3.84 21.12,35.04,3.84 35.52,96.16,3.84 83.04,63.84,3.84 25.44,79.68,3.84 89.76,96.16,3.84 90.72,3.84,3.84 27.84,96.16,3.84 13.44,27.84,3.84 49.92,27.84,3.84 76.32,15.84,3.84 62.4,31.2,3.84 85.44,40.8,3.84 62.88,96.16,3.84 95.04,42.72,3.84 77.76,40.8,3.84 11.52,52.8,3.84 40.8,84.96,3.84 33.12,96.16,3.84 87.36,71.52,3.84 23.52,87.36,3.84 96,13.44,3.84 73.92,24.48,4.8 95.2,4.8,4.8 4.8,65.28,4.8 14.4,61.44,4.8 24,63.36,4.8 4.8,36,4.8 41.28,60.96,4.8 50.88,63.36,4.8 4.8,16.8,4.8 95.2,68.64,4.8 53.76,36.48,4.8 26.4,16.8,4.8 47.52,72.96,4.8 71.04,32.16,4.8 64.8,72.96,4.8 74.4,69.12,4.8 43.68,14.4,4.8 4.8,82.56,4.8 34.08,80.64,4.8 16.8,44.16,4.8 63.36,70.56,4.8 40.8,4.8,4.8 50.4,4.8,4.8 69.12,41.76,4.8 32.16,90.24,4.8 4.8,26.4,4.8 57.12,80.16,4.8 66.72,90.24,4.8 76.32,86.4,4.8 94.08,51.36,4.8 22.08,26.4,4.8 24.48,95.2,4.8 31.68,22.08,4.8 53.76,95.2,4.8 41.28,24,4.8 95.04,92.16,4.8 27.84,51.36,4.8 45.12,53.76,4.8 71.52,95.2,4.8 81.12,95.2,4.8 62.4,51.36,4.8 30,6,6 42.96,34.8,6 61.2,6,6 54.48,18,6 84.72,23.28,6 15.6,79.92,6 87.12,81.36,6 6,46.8,6 29.04,69.84,6 13.68,94,6 69.36,62.16,6 52.56,83.76,6 42.96,94,6 81.36,58.32,6 27.6,44.88,6 72.24,94,6 84.24,94,6 66.48,13.68,6 6,94,6 18,94,6 15.6,18,6 6,6,6 45.36,94,6 86.16,13.68,6 80.88,6,6 6,93.36,6 18,6,6 30.96,32.88,6 
fitness 0.00279044
11.52,83.04,3.84 19.2,52.8,3.84 40.8,89.28,3.84 13.44,96.16,3.84 15.84,33.12,3.84 33.12,11.52,3.84 11.52,48.48,3.84 52.8,15.84,3.84 53.76,65.76,3.84 77.28,21.12,3.84 60.48,11.52,3.84 45.12,96.16,3.84 13.44,40.8,3.84 13.44,65.76,3.84 95.04,79.2,3.84 58.08,96.16,3.84 40.8,96.16,3.84 83.52,87.84,3.84 25.44,13.44,3.84 58.08,73.44,3.84 91.2,94.56,3.84 62.4,58.08,3.84 13.44,25.44,3.84 72,92.16,3.84 15.84,90.72,3.84 84.96,23.52,3.84 68.16,84.48,3.84 87.36,48.48,3.84 79.2,3.84,3.84 38.4,73.92,3.84 50.4,82.08,3.84 50.4,23.52,3.84 42.72,81.6,3.84 96.16,3.84,3.84 89.28,95.52,3.84 79.68,60.48,3.84 82.08,28.8,3.84 75.84,92.16,3.84 3.84,54.24,3.84 69.6,40.32,3.84 32.64,3.84,3.84 42.72,66.24,3.84 48.48,89.76,3.84 65.76,76.8,3.84 87.36,15.84,3.84 74.4,32.64,3.84 26.88,46.08,3.84 33.12,19.2,3.84 93.12,86.88,3.84 89.76,31.2,3.84 25.44,80.16,3.84 21.12,96.16,3.84 61.92,40.8,3.84 61.92,3.84,3.84 85.44,80.16,3.84 3.84,91.2,3.84 23.52,33.12,3.84 46.08,74.4,3.84 96.16,45.12,3.84 21.12,72.48,3.84 3.84,61.92,3.84 4.8,14.4,4.8 29.76,64.32,4.8 4.8,45.6,4.8 41.28,4.8,4.8 34.08,37.44,4.8 62.4,68.16,4.8 43.68,48,4.8 16.8,74.4,4.8 53.28,41.76,4.8 34.08,73.92,4.8 41.76,26.4,4.8 14.4,4.8,4.8 90.24,39.84,4.8 59.04,20.16,4.8 68.64,24,4.8 70.56,4.8,4.8 24,4.8,4.8 93.6,24.48,4.8 32.16,83.52,4.8 35.52,57.6,4.8 57.12,49.44,4.8 66.72,48.96,4.8 69.12,14.4,4.8 95.2,53.76,4.8 78.72,12.48,4.8 12.48,57.12,4.8 36.48,93.12,4.8 34.08,54.72,4.8 53.76,95.2,4.8 63.36,94.08,4.8 32.16,27.84,4.8 80.64,95.2,4.8 53.76,32.16,4.8 4.8,95.2,4.8 71.04,58.56,4.8 4.8,4.8,4.8 4.8,70.56,4.8 49.44,95.2,4.8 4.8,24,4.8 78.72,95.2,4.8 88.32,95.2,4.8 77.52,50.64,6 64.56,30.96,6 58.32,83.28,6 42.96,15.6,6 79.44,38.64,6 73.2,70.32,6 85.2,70.32,6 6,94,6 15.6,15.6,6 25.68,94,6 6,81.36,6 23.28,62.64,6 6,34.8,6 94,35.28,6 52.56,64.56,6 94,13.68,6 52.08,6,6 94,94,6 23.28,42.96,6 75.6,82.32,6 89.52,58.32,6 30.96,94,6 89.04,6,6 46.32,52.56,6 42.96,37.2,6 67.92,94,6 21.36,90,6 23.28,23.28,6 
fitness 0.00277226
3.84,52.32,3.84 15.84,51.84,3.84 56.16,69.6,3.84 48.48,65.76,3.84 13.44,36.48,3.84 76.8,19.2,3.84 96.16,96.16,3.84 62.4,3.84,3.84 75.36,50.4,3.84 35.52,3.84,3.84 23.52,58.56,3.84 21.12,38.88,3.84 91.68,96.16,3.84 70.08,3.84,3.84 13.44,21.12,3.84 96.16,72,3.84 46.08,35.04,3.84 72.96,30.72,3.84 40.8,13.44,3.84 84.96,11.52,3.84 15.84,59.52,3.84 71.52,94.56,3.84 15.84,79.2,3.84 67.68,11.52,3.84 95.04,3.84,3.84 21.12,15.84,3.84 84,96.16,3.84 48.48,58.08,3.84 48.48,50.4,3.84 33.12,72,3.84 86.4,77.76,3.84 57.12,73.44,3.84 47.52,96.16,3.84 88.8,71.52,3.84 40.8,65.76,3.84 28.8,35.52,3.84 73.44,58.08,3.84 85.44,70.08,3.84 40.8,58.08,3.84 91.2,95.04,3.84 21.12,23.52,3.84 63.36,36.48,3.84 37.44,79.68,3.84 11.52,44.16,3.84 84.48,23.04,3.84 56.16,61.92,3.84 52.8,81.12,3.84 40.8,50.4,3.84 89.76,87.36,3.84 60.48,89.28,3.84 15.84,3.84,3.84 32.64,96.16,3.84 3.84,15.84,3.84 21.12,31.2,3.84 45.12,85.44,3.84 46.08,42.72,3.84 39.84,96.16,3.84 87.36,3.84,3.84 13.44,28.8,3.84 38.4,42.72,3.84 81.12,62.4,3.84 66.72,45.12,4.8 84,53.76,4.8 93.6,62.88,4.8 32.16,63.36,4.8 4.8,34.08,4.8 78.72,4.8,4.8 49.44,14.4,4.8 64.8,54.72,4.8 59.04,12.48,4.8 37.44,34.08,4.8 44.16,4.8,4.8 54.72,34.08,4.8 64.32,27.84,4.8 24.48,67.2,4.8 76.32,14.4,4.8 93.6,43.68,4.8 4.8,43.68,4.8 64.8,64.32,4.8 53.76,4.8,4.8 4.8,84.96,4.8 93.6,12.48,4.8 29.76,44.16,4.8 77.76,73.92,4.8 4.8,24.48,4.8 95.04,78.72,4.8 24.48,88.8,4.8 54.72,43.68,4.8 12.48,12.48,4.8 81.12,86.4,4.8 84,44.16,4.8 93.6,53.28,4.8 4.8,95.2,4.8 14.4,87.84,4.8 24,95.2,4.8 41.28,94.08,4.8 50.88,89.76,4.8 32.16,53.76,4.8 56.16,95.2,4.8 65.76,95.2,4.8 75.36,95.2,4.8 57.12,53.28,4.8 94,81.36,6 94,21.36,6 73.2,40.56,6 70.32,84.72,6 15.6,69.36,6 27.6,78,6 82.8,33.36,6 47.28,75.6,6 6,6,6 66.96,79.44,6 30.96,25.68,6 6,74.16,6 6,62.16,6 61.68,94,6 42.96,23.28,6 81.36,94,6 21.36,48.72,6 6,94,6 18,94,6 30,94,6 75.6,67.92,6 54.96,25.2,6 6,94,6 25.68,6,6 30.96,13.68,6 66.96,23.28,6 35.28,89.52,6 6,94,6 
fitness 0.0027354
60.48,84.96,3.84 92.64,33.12,3.84 67.68,86.88,3.84 11.52,30.72,3.84 72.48,71.52,3.84 3.84,11.52,3.84 25.44,59.04,3.84 3.84,73.44,3.84 3.84,28.8,3.84 40.8,3.84,3.84 11.52,3.84,3.84 87.84,80.16,3.84 3.84,56.16,3.84 34.56,60.48,3.84 82.08,44.64,3.84 66.72,42.72,3.84 87.84,3.84,3.84 84,96.16,3.84 36.48,28.8,3.84 42.72,11.52,3.84 26.88,57.6,3.84 3.84,3.84,3.84 73.92,48.48,3.84 57.12,96.16,3.84 49.44,96.16,3.84 38.4,68.16,3.84 50.4,96.16,3.84 68.16,79.2,3.84 96.16,40.8,3.84 35.52,86.88,3.84 43.2,87.84,3.84 75.36,96.16,3.84 21.12,74.4,3.84 13.44,65.28,3.84 64.8,77.28,3.84 88.8,21.12,3.84 21.12,96.16,3.84 63.84,56.16,3.84 63.36,63.84,3.84 80.16,81.6,3.84 55.68,69.6,3.84 92.64,73.44,3.84 15.84,82.56,3.84 96.16,25.44,3.84 84.96,28.8,3.84 11.52,57.6,3.84 13.44,90.24,3.84 68.16,3.84,3.84 32.64,23.04,3.84 75.84,89.28,3.84 74.4,40.8,3.84 19.2,66.72,3.84 28.8,30.72,3.84 89.76,36.48,3.84 83.04,96.16,3.84 71.52,64.32,3.84 59.52,25.44,3.84 69.6,11.52,3.84 48.48,3.84,3.84 21.12,82.08,3.84 3.84,36.48,3.84 65.28,51.36,4.8 41.28,20.16,4.8 50.88,22.08,4.8 80.16,26.4,4.8 55.2,60.96,4.8 12.48,12.48,4.8 92.16,64.8,4.8 4.8,64.8,4.8 34.08,14.4,4.8 20.16,38.4,4.8 29.76,66.24,4.8 47.04,77.28,4.8 51.36,12.48,4.8 72,72.96,4.8 57.12,34.08,4.8 66.72,32.16,4.8 12.48,73.92,4.8 76.32,36,4.8 60.96,16.8,4.8 78.24,16.8,4.8 12.48,39.36,4.8 95.2,82.08,4.8 34.08,39.36,4.8 51.84,95.2,4.8 87.84,12.48,4.8 95.2,16.8,4.8 84.48,88.8,4.8 94.08,91.68,4.8 4.8,94.08,4.8 4.8,20.16,4.8 14.4,22.08,4.8 29.76,95.2,4.8 24,28.8,4.8 59.04,93.6,4.8 16.8,48.96,4.8 32.16,4.8,4.8 4.8,95.2,4.8 34.08,48.96,4.8 65.76,95.2,4.8 75.36,95.2,4.8 55.68,55.68,4.8 44.88,38.64,6 81.36,58.32,6 56.88,44.88,6 82.8,70.32,6 69.36,21.36,6 94,46.32,6 58.32,6,6 44.4,66.48,6 30.96,77.04,6 42.96,78,6 54.96,88.08,6 40.56,94,6 83.76,54.48,6 78,6,6 6,46.32,6 21.36,6,6 94,6,6 92.88,94,6 23.28,18,6 15.6,94,6 27.6,94,6 39.6,94,6 6,83.28,6 44.88,50.64,6 23.28,49.2,6 25.68,91.92,6 46.32,32.88,6 93.84,94,6 
fitness 0.00269856
13.44,21.12,3.84 72.48,23.04,3.84 15.84,46.08,3.84 96.16,96.16,3.84 77.28,72.48,3.84 62.4,52.8,3.84 84.96,55.68,3.84 3.84,3.84,3.84 85.92,75.36,3.84 3.84,28.8,3.84 58.08,13.44,3.84 79.68,55.2,3.84 80.16,27.84,3.84 19.2,96.16,3.84 13.44,93.12,3.84 54.24,79.68,3.84 91.2,32.64,3.84 57.12,21.12,3.84 23.52,52.8,3.84 40.8,76.32,3.84 33.12,3.84,3.84 3.84,70.08,3.84 52.8,3.84,3.84 26.88,79.2,3.84 28.8,96.16,3.84 56.16,96.16,3.84 64.8,21.12,3.84 48,38.4,3.84 96.16,38.88,3.84 92.64,46.56,3.84 46.56,77.28,3.84 96.16,31.2,3.84 87.36,48,3.84 95.04,54.24,3.84 23.52,68.16,3.84 3.84,77.76,3.84 11.52,96.16,3.84 19.2,75.84,3.84 83.04,96.16,3.84 21.12,91.2,3.84 21.12,35.52,3.84 19.2,15.84,3.84 84.96,40.32,3.84 15.84,53.76,3.84 11.52,13.44,3.84 3.84,85.44,3.84 13.44,38.4,3.84 23.52,83.52,3.84 30.72,42.72,3.84 3.84,11.52,3.84 92.64,61.92,3.84 38.88,96.16,3.84 77.28,92.16,3.84 60,87.36,3.84 67.68,59.52,3.84 11.52,73.44,3.84 3.84,96.16,3.84 58.08,95.04,3.84 77.28,47.52,3.84 23.52,60.48,3.84 40.8,68.64,3.84 71.04,50.88,4.8 92.64,4.8,4.8 12.48,4.8,4.8 88.8,24,4.8 32.16,60.96,4.8 49.44,59.04,4.8 59.04,61.44,4.8 27.84,12.48,4.8 76.32,63.84,4.8 12.48,29.76,4.8 29.76,34.08,4.8 39.36,40.8,4.8 32.16,70.56,4.8 48.96,29.76,4.8 49.44,68.64,4.8 59.04,71.04,4.8 68.64,68.16,4.8 95.2,70.56,4.8 70.56,31.68,4.8 49.44,12.48,4.8 61.44,4.8,4.8 4.8,37.44,4.8 66.72,14.4,4.8 22.08,44.16,4.8 39.36,50.4,4.8 32.16,87.84,4.8 41.76,95.2,4.8 51.36,85.92,4.8 88.32,14.4,4.8 68.64,89.76,4.8 4.8,94.08,4.8 68.64,41.28,4.8 4.8,20.16,4.8 49.44,95.2,4.8 71.04,4.8,4.8 66.72,95.2,4.8 32.16,51.36,4.8 41.76,60,4.8 47.52,95.2,4.8 64.8,95.2,4.8 74.4,95.2,4.8 23.28,6,6 81.36,37.68,6 42.96,6,6 38.64,18,6 57.84,42.96,6 87.12,85.2,6 94,93.36,6 36.72,86.16,6 81.84,6,6 94,21.36,6 13.68,63.6,6 38.64,94,6 64.08,78.96,6 76.08,82.32,6 59.76,30.96,6 77.52,94,6 89.52,94,6 6,48.24,6 23.28,25.68,6 35.28,23.28,6 94,81.36,6 29.04,94,6 77.52,18,6 13.68,83.28,6 52.56,48.24,6 87.12,65.52,6 6,60.24,6 47.28,30,6 
fitness 0.0026878
55.68,96.16,3.84 25.44,15.84,3.84 11.52,89.28,3.84 89.76,3.84,3.84 3.84,3.84,3.84 61.92,44.16,3.84 96.16,96.16,3.84 52.32,57.6,3.84 70.08,3.84,3.84 95.04,56.16,3.84 60,51.84,3.84 77.76,45.12,3.84 45.12,15.84,3.84 42.72,23.52,3.84 96.16,13.44,3.84 60.48,90.72,3.84 79.2,65.28,3.84 15.84,42.72,3.84 28.8,96.16,3.84 67.68,57.6,3.84 62.4,36.48,3.84 40.8,75.84,3.84 44.64,56.16,3.84 85.44,36.48,3.84 36.48,83.52,3.84 35.04,56.64,3.84 21.12,96.16,3.84 96.16,48.48,3.84 65.76,82.56,3.84 52.8,13.44,3.84 79.2,52.8,3.84 84.48,28.8,3.84 60.48,11.52,3.84 70.08,40.32,3.84 45.12,38.88,3.84 21.12,88.32,3.84 49.92,30.72,3.84 93.12,40.8,3.84 92.16,33.12,3.84 21.12,96.16,3.84 76.8,37.44,3.84 3.84,72,3.84 87.36,53.76,3.84 62.4,3.84,3.84 13.44,81.6,3.84 3.84,89.28,3.84 77.76,96.16,3.84 13.44,96.16,3.84 3.84,96.16,3.84 48,96.16,3.84 42.24,31.2,3.84 3.84,21.12,3.84 71.04,96.16,3.84 60,19.2,3.84 59.52,65.28,3.84 52.8,96.16,3.84 87.36,73.44,3.84 89.28,21.12,3.84 79.68,82.08,3.84 63.36,96.16,3.84 11.52,3.84,3.84 53.76,4.8,4.8 32.16,4.8,4.8 12.48,24.48,4.8 34.08,26.4,4.8 24.48,46.08,4.8 95.2,4.8,4.8 87.84,73.44,4.8 4.8,80.64,4.8 53.76,39.36,4.8 51.36,22.08,4.8 4.8,12.48,4.8 61.44,72.48,4.8 71.04,73.92,4.8 68.64,22.08,4.8 69.12,12.48,4.8 4.8,29.76,4.8 4.8,51.36,4.8 20.16,95.2,4.8 14.4,51.36,4.8 14.4,34.08,4.8 57.12,82.08,4.8 43.68,47.52,4.8 86.4,82.08,4.8 53.28,48.96,4.8 12.48,95.2,4.8 24,36.48,4.8 70.56,48.96,4.8 33.6,36,4.8 69.12,91.2,4.8 87.84,45.12,4.8 78.72,16.8,4.8 4.8,95.2,4.8 16.8,60.96,4.8 26.4,67.68,4.8 29.76,95.2,4.8 39.36,95.2,4.8 36,65.28,4.8 88.32,12.48,4.8 58.56,27.84,4.8 68.16,31.68,4.8 79.68,95.2,4.8 37.68,76.08,6 46.32,87.12,6 49.68,66,6 6,40.56,6 75.6,91.92,6 69.36,61.68,6 94,94,6 6,62.16,6 15.6,13.68,6 94,63.6,6 30.96,94,6 42.96,93.36,6 42.96,6,6 25.2,56.88,6 35.28,46.8,6 30.96,88.08,6 87.6,92.88,6 79.44,27.6,6 50.64,75.12,6 23.28,25.68,6 94,23.28,6 77.52,62.64,6 35.28,15.6,6 94,91.44,6 21.36,6,6 79.92,6,6 13.68,71.76,6 25.68,78.48,6 
fitness 0.00268195
3.84,42.72,3.84 23.04,91.68,3.84 13.44,56.16,3.84 74.4,13.44,3.84 82.08,15.84,3.84 25.44,21.12,3.84 73.92,57.12,3.84 50.88,52.8,3.84 11.52,88.8,3.84 15.84,48.48,3.84 25.44,13.44,3.84 49.92,65.76,3.84 35.52,52.8,3.84 89.28,39.84,3.84 79.68,96.16,3.84 63.36,96.16,3.84 11.52,71.52,3.84 26.88,68.16,3.84 86.88,66.72,3.84 30.72,3.84,3.84 33.12,60.48,3.84 50.4,23.52,3.84 42.24,70.08,3.84 60,3.84,3.84 91.2,83.52,3.84 87.36,96.16,3.84 48.48,77.76,3.84 43.2,52.32,3.84 55.68,93.12,3.84 95.04,96.16,3.84 60,58.08,3.84 11.52,40.8,3.84 87.36,96,3.84 79.68,94.08,3.84 63.84,77.28,3.84 70.08,42.72,3.84 62.4,42.72,3.84 11.52,63.84,3.84 11.52,96.16,3.84 48,93.12,3.84 56.16,73.44,3.84 66.24,50.4,3.84 60,96.16,3.84 13.44,3.84,3.84 3.84,72,3.84 40.8,77.28,3.84 58.56,50.4,3.84 3.84,96.16,3.84 48,85.44,3.84 19.2,72,3.84 71.52,86.4,3.84 3.84,79.68,3.84 95.04,96.16,3.84 33.12,23.52,3.84 3.84,96.16,3.84 11.52,33.12,3.84 57.12,15.84,3.84 40.32,84.96,3.84 3.84,35.04,3.84 38.4,35.04,3.84 34.56,69.6,3.84 82.56,58.08,4.8 92.16,62.88,4.8 4.8,63.36,4.8 41.76,60.96,4.8 51.36,61.44,4.8 71.04,22.08,4.8 68.64,59.04,4.8 78.24,65.76,4.8 16.8,12.48,4.8 20.16,29.76,4.8 29.76,32.16,4.8 4.8,4.8,4.8 47.04,32.16,4.8 58.56,68.64,4.8 56.64,34.08,4.8 95.2,80.64,4.8 32.16,76.8,4.8 95.2,43.68,4.8 39.36,4.8,4.8 20.16,39.36,4.8 80.16,87.36,4.8 4.8,88.32,4.8 14.4,80.16,4.8 31.68,86.4,4.8 41.76,43.68,4.8 65.76,12.48,4.8 78.72,48.48,4.8 88.32,48.48,4.8 95.2,53.28,4.8 20.16,95.2,4.8 29.76,95.2,4.8 39.36,93.6,4.8 22.08,4.8,4.8 72,95.2,4.8 93.6,95.2,4.8 4.8,26.4,4.8 20.16,95.2,4.8 29.76,95.2,4.8 51.36,95.2,4.8 68.64,4.8,4.8 41.76,26.4,4.8 52.56,42.96,6 57.84,83.28,6 69.84,87.12,6 67.44,32.88,6 50.16,6,6 79.44,37.68,6 21.36,81.84,6 91.44,6,6 35.28,13.68,6 23.28,62.16,6 47.28,15.6,6 6,52.56,6 81.84,25.68,6 25.68,50.16,6 94,73.68,6 82.8,94,6 93.84,30,6 91.92,18,6 90.96,93.36,6 69.36,76.56,6 81.36,76.56,6 40.56,94,6 30.96,42.96,6 15.6,23.28,6 69.84,94,6 6,15.6,6 79.44,6,6 60.24,23.28,6 
fitness 0.00267434
3.84,96.16,3.84 3.84,30.72,3.84 28.8,3.84,3.84 65.76,67.68,3.84 87.36,30.72,3.84 11.52,45.12,3.84 11.52,3.84,3.84 23.52,75.84,3.84 86.4,3.84,3.84 48.48,96.16,3.84 96.16,84.96,3.84 48.48,37.44,3.84 68.64,87.36,3.84 63.36,3.84,3.84 28.8,96.16,3.84 47.04,13.44,3.84 90.24,79.68,3.84 73.44,63.84,3.84 46.56,84,3.84 96.16,11.52,3.84 55.68,3.84,3.84 76.32,87.36,3.84 81.6,56.16,3.84 3.84,3.84,3.84 78.72,3.84,3.84 3.84,90.24,3.84 95.04,26.88,3.84 62.88,38.4,3.84 63.36,95.04,3.84 82.08,11.52,3.84 74.4,11.52,3.84 3.84,72.96,3.84 92.64,96.16,3.84 48,96.16,3.84 21.12,96.16,3.84 3.84,65.28,3.84 58.08,67.68,3.84 75.36,96.16,3.84 13.44,60.48,3.84 38.88,75.36,3.84 55.68,95.04,3.84 33.12,33.12,3.84 30.72,64.8,3.84 21.12,96.16,3.84 40.8,30.72,3.84 43.2,38.4,3.84 96.16,65.28,3.84 3.84,38.4,3.84 84,83.52,3.84 73.44,19.2,3.84 80.16,38.88,3.84 23.52,83.52,3.84 89.28,60,3.84 66.72,11.52,3.84 31.2,82.08,3.84 45.12,46.08,3.84 50.4,76.32,3.84 71.04,3.84,3.84 81.12,19.2,3.84 96.16,19.2,3.84 13.44,52.8,3.84 4.8,12.48,4.8 57.12,29.76,4.8 32.16,73.44,4.8 41.76,66.72,4.8 66.72,27.84,4.8 4.8,22.08,4.8 14.4,24.48,4.8 24,24,4.8 33.6,24.48,4.8 43.2,22.08,4.8 64.8,20.16,4.8 71.52,37.44,4.8 26.4,14.4,4.8 4.8,47.04,4.8 47.04,4.8,4.8 4.8,81.6,4.8 26.4,92.16,4.8 36,90.72,4.8 89.76,22.08,4.8 53.76,58.08,4.8 75.36,47.04,4.8 84.96,47.52,4.8 12.48,95.2,4.8 94.56,51.36,4.8 29.76,95.2,4.8 39.36,95.2,4.8 4.8,56.64,4.8 20.16,4.8,4.8 22.08,67.2,4.8 84,95.2,4.8 37.44,4.8,4.8 51.36,67.68,4.8 12.48,95.2,4.8 60.96,59.04,4.8 24.48,33.6,4.8 95.04,4.8,4.8 57.12,95.2,4.8 66.72,95.2,4.8 90.72,12.48,4.8 84,95.2,4.8 93.6,95.2,4.8 46.8,85.2,6 58.8,93.84,6 53.04,47.28,6 77.52,29.04,6 54,27.6,6 93.84,89.52,6 15.6,13.68,6 90,40.56,6 56.88,15.6,6 83.28,69.84,6 94,75.12,6 40.56,55.92,6 13.68,82.32,6 13.68,35.28,6 73.2,93.36,6 23.28,56.4,6 71.76,57.84,6 35.28,54.96,6 56.4,77.52,6 68.4,77.52,6 80.4,73.68,6 38.64,94,6 21.36,44.4,6 33.36,42.96,6 64.56,48.24,6 15.6,94,6 13.68,70.32,6 37.2,13.68,6 
fitness 0.00267266
15.84,15.84,3.84 56.16,21.12,3.84 46.08,40.8,3.84 67.68,3.84,3.84 11.52,40.8,3.84 91.2,23.52,3.84 15.84,33.12,3.84 96.16,31.2,3.84 72.48,96.16,3.84 46.08,70.08,3.84 25.44,96.16,3.84 13.44,85.44,3.84 94.56,96.16,3.84 33.12,88.32,3.84 50.4,96.16,3.84 23.52,3.84,3.84 28.8,21.12,3.84 88.8,82.08,3.84 21.12,21.12,3.84 33.12,13.44,3.84 3.84,72.48,3.84 80.16,13.44,3.84 91.2,60,3.84 79.68,28.8,3.84 72.96,77.76,3.84 80.64,75.36,3.84 25.44,96.16,3.84 35.52,46.08,3.84 57.6,84,3.84 40.8,11.52,3.84 96.16,3.84,3.84 96.16,52.32,3.84 3.84,3.84,3.84 96,92.16,3.84 58.08,96.16,3.84 52.8,33.12,3.84 13.44,77.76,3.84 81.12,67.68,3.84 40.32,77.28,3.84 28.8,61.44,3.84 64.8,96.16,3.84 21.12,70.08,3.84 45.12,31.2,3.84 28.8,38.4,3.84 81.12,85.44,3.84 83.52,25.44,3.84 73.44,70.08,3.84 25.44,62.4,3.84 15.84,48.48,3.84 75.84,21.12,3.84 60.48,13.44,3.84 80.16,93.12,3.84 40.8,3.84,3.84 3.84,43.2,3.84 33.12,96,3.84 33.12,53.76,3.84 65.28,86.4,3.84 88.32,89.76,3.84 3.84,23.52,3.84 48.48,25.44,3.84 65.76,78.72,3.84 89.76,49.44,4.8 4.8,63.84,4.8 32.16,4.8,4.8 41.76,59.04,4.8 51.36,61.44,4.8 60.96,63.36,4.8 70.56,70.08,4.8 76.32,4.8,4.8 95.2,73.44,4.8 12.48,69.12,4.8 37.44,68.64,4.8 36.48,29.76,4.8 88.8,16.8,4.8 61.44,29.76,4.8 71.04,36.48,4.8 4.8,81.12,4.8 22.08,78.72,4.8 31.68,70.08,4.8 88.32,34.08,4.8 48.96,78.72,4.8 12.48,24.48,4.8 20.16,41.76,4.8 49.44,4.8,4.8 37.44,39.84,4.8 4.8,90.72,4.8 22.08,88.32,4.8 31.68,79.68,4.8 41.28,85.92,4.8 62.88,92.64,4.8 72.48,95.04,4.8 89.76,84,4.8 16.8,94.08,4.8 90.72,43.68,4.8 24.48,12.48,4.8 4.8,95.2,4.8 59.04,4.8,4.8 41.76,95.2,4.8 44.16,49.44,4.8 66.72,95.2,4.8 76.32,95.2,4.8 85.92,95.2,4.8 66,25.68,6 94,13.68,6 52.08,89.52,6 70.32,13.68,6 25.68,30.96,6 55.92,40.56,6 50.64,15.6,6 6,94,6 81.36,60.24,6 67.92,47.28,6 79.92,38.64,6 42.96,94,6 54.96,94,6 13.68,6,6 6,53.04,6 55.92,74.16,6 90,94,6 6,13.68,6 15.6,94,6 25.68,52.56,6 87.12,6,6 78.96,59.28,6 15.6,58.32,6 54.96,50.64,6 6,33.36,6 38.64,21.36,6 94,82.32,6 66.96,52.56,6 
fitness 0.00265769
74.4,23.52,3.84 78.24,48,3.84 89.28,33.12,3.84 33.12,96.16,3.84 62.4,32.64,3.84 11.52,74.4,3.84 42.72,96.16,3.84 83.52,79.68,3.84 11.52,82.08,3.84 33.12,35.04,3.84 52.32,64.8,3.84 69.6,56.16,3.84 73.44,63.36,3.84 3.84,21.12,3.84 52.32,45.12,3.84 69.6,40.8,3.84 87.36,95.04,3.84 69.12,88.8,3.84 65.76,63.84,3.84 86.88,40.8,3.84 3.84,71.04,3.84 25.44,38.88,3.84 25.44,83.52,3.84 35.52,52.32,3.84 15.84,96.16,3.84 3.84,63.36,3.84 3.84,96.16,3.84 13.44,66.72,3.84 94.56,67.68,3.84 77.28,55.68,3.84 90.72,75.36,3.84 70.56,48.48,3.84 81.6,96,3.84 92.16,87.36,3.84 23.52,19.2,3.84 84.48,78.72,3.84 68.16,71.52,3.84 96.16,71.04,3.84 79.68,13.44,3.84 3.84,46.08,3.84 75.84,71.04,3.84 13.44,13.44,3.84 76.8,79.2,3.84 89.28,96.16,3.84 50.4,13.44,3.84 96.16,13.44,3.84 62.88,49.92,3.84 69.6,3.84,3.84 19.2,68.16,3.84 43.2,56.64,3.84 3.84,28.8,3.84 21.12,3.84,3.84 26.88,77.28,3.84 26.88,69.6,3.84 82.08,21.12,3.84 40.8,96.16,3.84 86.88,3.84,3.84 21.12,11.52,3.84 19.2,75.84,3.84 58.08,96.16,3.84 3.84,3.84,3.84 32.16,26.4,4.8 95.2,59.04,4.8 4.8,54.72,4.8 22.08,59.52,4.8 31.68,60.96,4.8 65.76,24,4.8 60.96,58.56,4.8 4.8,12.48,4.8 41.76,4.8,4.8 85.92,61.44,4.8 51.36,4.8,4.8 12.48,34.08,4.8 29.76,16.8,4.8 47.52,73.44,4.8 57.12,68.16,4.8 41.76,38.4,4.8 82.08,71.04,4.8 71.04,32.16,4.8 80.64,29.76,4.8 60.96,4.8,4.8 95.2,37.44,4.8 4.8,37.44,4.8 47.52,83.04,4.8 59.04,14.4,4.8 34.08,43.68,4.8 92.16,84,4.8 4.8,79.68,4.8 43.68,48,4.8 60.96,41.28,4.8 12.48,4.8,4.8 78.24,39.36,4.8 88.32,12.48,4.8 24.48,92.16,4.8 78.24,4.8,4.8 49.44,95.2,4.8 78.72,87.36,4.8 12.48,95.2,4.8 22.08,95.2,4.8 51.36,95.2,4.8 72.96,95.2,4.8 95.2,4.8,4.8 35.28,87.12,6 47.28,94,6 59.28,93.84,6 69.84,13.68,6 36.72,78.48,6 54.96,23.28,6 91.92,23.28,6 6,90.48,6 36.72,90.48,6 42.96,27.6,6 94,48.24,6 58.32,78.96,6 15.6,44.88,6 13.68,56.88,6 67.92,89.04,6 52.56,35.28,6 25.68,48.72,6 94,94,6 30.96,6,6 88.08,50.64,6 40.56,15.6,6 32.88,94,6 13.68,23.28,6 23.28,29.04,6 62.16,94,6 15.6,91.92,6 53.04,54.96,6 42.48,66.48,6 
fitness 0.00265573
83.04,19.2,3.84 63.84,52.32,3.84 72,84.96,3.84 38.88,23.04,3.84 33.12,96.16,3.84 85.92,13.44,3.84 87.36,84.96,3.84 60.48,32.64,3.84 23.52,21.12,3.84 95.04,40.8,3.84 77.76,28.8,3.84 45.12,30.72,3.84 71.52,92.64,3.84 3.84,71.52,3.84 46.56,52.8,3.84 85.92,55.68,3.84 68.16,67.68,3.84 3.84,96.16,3.84 3.84,21.12,3.84 93.6,11.52,3.84 52.8,33.12,3.84 78.24,53.76,3.84 31.2,50.88,3.84 80.64,3.84,3.84 96.16,96.16,3.84 28.8,70.56,3.84 3.84,28.8,3.84 70.56,60,3.84 94.08,96.16,3.84 28.8,3.84,3.84 11.52,3.84,3.84 46.08,3.84,3.84 64.32,84.96,3.84 31.2,23.52,3.84 48.48,68.16,3.84 88.8,56.16,3.84 35.04,43.2,3.84 86.4,96.16,3.84 23.52,77.76,3.84 11.52,64.32,3.84 71.52,46.08,3.84 56.64,85.44,3.84 21.12,70.08,3.84 3.84,63.84,3.84 62.88,57.6,3.84 62.4,77.28,3.84 63.36,3.84,3.84 64.32,40.32,3.84 3.84,48.48,3.84 3.84,56.16,3.84 79.68,78.72,3.84 3.84,88.8,3.84 79.68,71.04,3.84 91.2,92.64,3.84 23.52,50.4,3.84 23.04,13.44,3.84 93.6,63.84,3.84 55.2,60.48,3.84 75.36,21.12,3.84 38.88,48,3.84 3.84,3.84,3.84 57.12,24,4.8 12.48,72.96,4.8 72.96,43.68,4.8 82.56,37.44,4.8 92.16,37.44,4.8 66.72,24.48,4.8 76.8,62.4,4.8 86.4,64.32,4.8 95.2,72.48,4.8 43.68,14.4,4.8 65.28,14.4,4.8 44.16,80.64,4.8 53.76,76.8,4.8 37.44,4.8,4.8 71.04,76.32,4.8 12.48,34.08,4.8 4.8,80.16,4.8 26.4,86.4,4.8 48,90.24,4.8 55.2,48.96,4.8 72,4.8,4.8 20.16,4.8,4.8 80.16,47.04,4.8 4.8,12.48,4.8 95.2,89.76,4.8 69.12,34.08,4.8 12.48,95.2,4.8 22.08,95.2,4.8 31.68,95.2,4.8 53.28,94.08,4.8 62.88,93.6,4.8 14.4,12.48,4.8 86.4,27.84,4.8 54.72,4.8,4.8 16.8,43.68,4.8 12.48,95.2,4.8 26.4,41.76,4.8 53.76,95.2,4.8 47.52,24.48,4.8 43.68,39.36,4.8 4.8,95.2,4.8 38.64,69.84,6 6,38.64,6 58.32,67.44,6 13.68,54.48,6 21.36,60.24,6 33.36,60.72,6 45.36,57.84,6 35.28,33.36,6 13.68,83.76,6 76.08,13.68,6 42.48,94,6 33.36,80.4,6 90.48,6,6 54.48,13.68,6 81.36,88.56,6 54.48,42.96,6 92.88,30.96,6 32.88,13.68,6 89.52,75.12,6 23.28,94,6 13.68,23.28,6 42.96,94,6 15.6,94,6 64.56,94,6 76.56,94,6 23.28,30.96,6 37.2,92.4,6 94,66.48,6 
fitness 0.00265381
35.52,48,3.84 96.16,11.52,3.84 96.16,70.08,3.84 88.32,3.84,3.84 23.04,69.6,3.84 69.6,96.16,3.84 3.84,3.84,3.84 64.8,34.56,3.84 55.2,54.72,3.84 11.52,70.08,3.84 64.32,90.72,3.84 26.88,67.68,3.84 40.8,23.52,3.84 30.72,75.36,3.84 84.96,96.16,3.84 83.04,23.52,3.84 13.44,95.04,3.84 79.68,95.52,3.84 13.44,87.36,3.84 21.12,3.84,3.84 87.36,31.2,3.84 3.84,40.8,3.84 3.84,21.12,3.84 3.84,96.16,3.84 54.24,54.24,3.84 56.16,19.2,3.84 95.04,95.04,3.84 13.44,13.44,3.84 48.48,23.04,3.84 79.68,35.04,3.84 77.28,96.16,3.84 87.36,85.44,3.84 15.84,54.72,3.84 81.12,58.56,3.84 21.12,11.52,3.84 63.36,3.84,3.84 96.16,34.56,3.84 58.08,11.52,3.84 65.76,69.12,3.84 46.56,62.4,3.84 11.52,62.4,3.84 25.44,26.88,3.84 55.68,3.84,3.84 28.8,13.44,3.84 91.68,38.88,3.84 95.04,26.88,3.84 33.12,83.04,3.84 80.64,3.84,3.84 19.2,61.92,3.84 40.32,96.16,3.84 72,86.4,3.84 38.88,64.8,3.84 3.84,68.16,3.84 23.52,19.2,3.84 33.12,30.72,3.84 62.4,26.88,3.84 38.4,3.84,3.84 90.72,19.2,3.84 23.52,34.56,3.84 19.2,54.24,3.84 3.84,60.48,3.84 49.44,14.4,4.8 75.84,50.88,4.8 85.44,53.28,4.8 29.76,4.8,4.8 16.8,34.08,4.8 66.72,12.48,4.8 41.76,32.16,4.8 62.88,60.48,4.8 72.48,62.88,4.8 89.76,69.12,4.8 71.04,31.68,4.8 95.2,4.8,4.8 4.8,12.48,4.8 35.52,73.44,4.8 57.12,62.88,4.8 12.48,4.8,4.8 86.4,67.2,4.8 4.8,76.8,4.8 14.4,78.72,4.8 32.16,22.08,4.8 63.36,72.48,4.8 72.96,77.76,4.8 94.56,76.8,4.8 4.8,86.4,4.8 32.16,39.36,4.8 53.76,95.04,4.8 63.36,82.08,4.8 72,4.8,4.8 73.44,41.28,4.8 83.04,43.68,4.8 4.8,95.2,4.8 47.04,4.8,4.8 34.08,91.68,4.8 43.68,95.2,4.8 84.96,95.2,4.8 12.48,95.2,4.8 22.08,95.2,4.8 31.68,95.2,4.8 64.8,22.08,4.8 48.96,95.2,4.8 74.4,26.4,4.8 42.96,42.96,6 42.96,94,6 75.6,73.68,6 89.52,13.68,6 54.96,44.88,6 94,79.92,6 77.52,15.6,6 6,30.96,6 13.68,44.88,6 94,48.72,6 23.28,91.44,6 40.56,84.24,6 52.56,84.24,6 54.48,94,6 38.64,13.68,6 74.16,94,6 13.68,23.28,6 94,94,6 6,50.64,6 29.04,57.84,6 83.76,85.68,6 46.32,72.24,6 52.56,32.88,6 65.04,44.4,6 59.76,94,6 25.68,44.4,6 23.28,79.44,6 45.36,54.96,6 
fitness 0.00263595
82.56,83.04,3.84 87.36,90.72,3.84 36.48,96.16,3.84 74.4,47.52,3.84 60.48,48.48,3.84 96,21.12,3.84 50.4,96.16,3.84 72.48,3.84,3.84 15.84,35.52,3.84 3.84,94.08,3.84 11.52,62.88,3.84 83.52,13.44,3.84 57.6,83.04,3.84 75.84,11.52,3.84 40.32,85.44,3.84 80.16,28.8,3.84 38.4,77.76,3.84 96.16,92.16,3.84 43.2,48.48,3.84 90.72,63.36,3.84 52.8,33.12,3.84 3.84,15.84,3.84 91.68,38.4,3.84 58.08,75.36,3.84 44.16,96.16,3.84 35.52,48,3.84 47.04,40.8,3.84 65.28,96.16,3.84 96.16,84.48,3.84 13.44,96.16,3.84 3.84,23.52,3.84 13.44,80.16,3.84 3.84,96.16,3.84 39.84,3.84,3.84 56.16,11.52,3.84 63.84,96.16,3.84 96.16,43.2,3.84 11.52,27.84,3.84 77.76,71.04,3.84 80.16,3.84,3.84 80.16,46.08,3.84 28.8,96.16,3.84 3.84,67.2,3.84 47.52,3.84,3.84 54.72,40.8,3.84 23.04,81.12,3.84 60.48,28.8,3.84 96.16,50.88,3.84 21.12,96.16,3.84 30.72,74.88,3.84 96.16,96.16,3.84 48.48,13.44,3.84 79.68,88.32,3.84 31.2,11.52,3.84 84,53.76,3.84 64.8,3.84,3.84 87.84,46.08,3.84 45.12,33.12,3.84 42.72,93.12,3.84 15.84,55.2,3.84 23.52,15.84,3.84 82.08,62.4,4.8 83.04,37.44,4.8 36.48,29.76,4.8 4.8,85.44,4.8 92.16,14.4,4.8 22.08,89.76,4.8 56.16,4.8,4.8 88.8,4.8,4.8 32.16,20.16,4.8 51.84,49.44,4.8 88.8,29.76,4.8 65.76,20.16,4.8 12.48,88.8,4.8 22.08,95.2,4.8 31.68,83.52,4.8 28.8,48.48,4.8 48.96,92.64,4.8 95.2,59.52,4.8 38.4,39.36,4.8 73.92,79.68,4.8 87.36,20.16,4.8 91.2,95.2,4.8 32.16,56.64,4.8 53.76,59.04,4.8 24.48,95.2,4.8 34.08,93.12,4.8 63.36,57.12,4.8 95.2,4.8,4.8 59.04,91.68,4.8 92.64,54.72,4.8 4.8,75.84,4.8 95.2,95.2,4.8 4.8,95.2,4.8 14.4,71.52,4.8 39.84,12.48,4.8 31.68,66.24,4.8 41.28,69.12,4.8 62.88,66.72,4.8 72.48,80.16,4.8 72.48,95.2,4.8 82.08,95.2,4.8 25.68,59.28,6 30,6,6 76.56,25.68,6 52.08,69.84,6 13.68,18,6 6,45.36,6 70.32,57.36,6 18,45.36,6 13.68,94,6 6,6,6 6,33.36,6 66,13.68,6 25.68,37.68,6 21.36,71.28,6 69.84,94,6 64.56,38.64,6 48.24,81.84,6 42.96,58.32,6 67.92,90.96,6 21.36,25.68,6 87.6,73.2,6 18,6,6 74.16,69.36,6 42.96,23.28,6 54,94,6 54.96,23.28,6 6,57.36,6 70.32,37.68,6 
fitness 0.00262831
3.84,96.16,3.84 96.16,28.8,3.84 42.24,3.84,3.84 79.68,15.84,3.84 87.36,81.12,3.84 92.16,19.2,3.84 69.6,84,3.84 3.84,56.16,3.84 62.4,91.2,3.84 75.36,96.16,3.84 11.52,69.6,3.84 3.84,28.8,3.84 95.04,63.84,3.84 42.72,83.04,3.84 3.84,36.48,3.84 84.48,23.52,3.84 26.88,70.08,3.84 95.52,3.84,3.84 43.2,23.52,3.84 34.56,65.76,3.84 36.48,31.2,3.84 67.68,96.16,3.84 3.84,21.12,3.84 87.36,11.52,3.84 92.64,36.48,3.84 28.8,35.04,3.84 48.48,40.32,3.84 79.2,63.84,3.84 58.08,64.32,3.84 3.84,63.84,3.84 40.8,38.88,3.84 87.36,56.16,3.84 70.08,91.68,3.84 40.32,96.16,3.84 95.04,44.16,3.84 11.52,13.44,3.84 33.12,42.72,3.84 11.52,61.92,3.84 59.52,76.32,3.84 21.12,30.72,3.84 87.36,36.48,3.84 60,96.16,3.84 52.32,94.56,3.84 50.4,13.44,3.84 44.64,90.72,3.84 95.04,21.12,3.84 23.52,23.04,3.84 15.84,86.88,3.84 48,96.16,3.84 63.36,39.84,3.84 64.32,56.64,3.84 3.84,13.44,3.84 95.04,91.2,3.84 37.44,50.4,3.84 94.56,83.52,3.84 42.24,67.2,3.84 19.2,70.08,3.84 52.32,74.88,3.84 77.28,88.8,3.84 35.04,77.76,3.84 19.2,62.4,3.84 14.4,4.8,4.8 57.12,48,4.8 66.72,48.48,4.8 50.88,72.96,4.8 12.48,34.08,4.8 24,4.8,4.8 16.8,78.24,4.8 26.4,78.72,4.8 16.8,53.28,4.8 43.68,74.4,4.8 33.6,4.8,4.8 60.96,82.56,4.8 46.08,47.52,4.8 55.68,48.96,4.8 85.92,72.48,4.8 20.16,14.4,4.8 72.96,58.08,4.8 24.48,88.32,4.8 34.08,86.4,4.8 82.56,56.16,4.8 45.12,31.68,4.8 54.72,38.4,4.8 78.72,95.2,4.8 29.76,14.4,4.8 39.84,57.12,4.8 4.8,95.2,4.8 14.4,95.2,4.8 24,95.2,4.8 49.44,58.56,4.8 84,27.84,4.8 66.72,67.68,4.8 80.64,95.2,4.8 51.84,22.08,4.8 12.48,95.2,4.8 22.08,95.2,4.8 31.68,95.2,4.8 4.8,4.8,4.8 12.48,43.68,4.8 59.04,16.8,4.8 50.88,4.8,4.8 95.2,95.2,4.8 52.56,84.72,6 85.68,6,6 61.68,6,6 69.36,78.96,6 77.52,45.36,6 89.04,73.68,6 6,73.68,6 29.04,60.24,6 73.2,33.36,6 34.8,94,6 13.68,23.28,6 6,46.32,6 69.84,18,6 69.84,94,6 77.52,66.96,6 91.44,90.96,6 27.6,52.56,6 33.36,25.2,6 73.68,6,6 23.28,40.56,6 6,85.68,6 40.56,13.68,6 57.84,94,6 62.64,27.6,6 74.64,30,6 85.2,94,6 93.36,46.32,6 6,94,6 
fitness 0.00262275
72.48,60.48,3.84 42.72,68.16,3.84 46.08,96.16,3.84 35.04,63.84,3.84 86.4,96.16,3.84 73.44,79.68,3.84 37.44,3.84,3.84 3.84,84,3.84 78.72,96.16,3.84 87.36,28.8,3.84 3.84,25.44,3.84 31.2,56.16,3.84 80.16,62.4,3.84 23.04,15.84,3.84 38.4,95.04,3.84 52.8,3.84,3.84 35.04,28.8,3.84 69.6,13.44,3.84 42.72,48.48,3.84 28.8,71.52,3.84 42.72,28.8,3.84 71.04,95.04,3.84 60.48,3.84,3.84 53.76,95.04,3.84 58.08,75.36,3.84 70.08,33.12,3.84 81.12,69.12,3.84 92.64,64.32,3.84 96.16,84,3.84 15.84,40.32,3.84 96.16,91.68,3.84 60,48.48,3.84 62.4,33.12,3.84 3.84,96.16,3.84 36.48,96.16,3.84 87.84,53.76,3.84 11.52,79.2,3.84 31.2,21.12,3.84 11.52,23.04,3.84 11.52,96.16,3.84 82.08,45.12,3.84 40.32,11.52,3.84 45.12,3.84,3.84 91.68,21.12,3.84 23.04,57.12,3.84 33.12,36.48,3.84 62.4,40.8,3.84 30.72,88.8,3.84 94.56,96.16,3.84 95.04,87.36,3.84 67.68,52.8,3.84 91.2,61.44,3.84 96.16,3.84,3.84 84.96,13.44,3.84 19.2,96.16,3.84 65.76,77.76,3.84 3.84,96.16,3.84 84.96,46.08,3.84 23.52,64.8,3.84 3.84,64.32,3.84 77.28,15.84,3.84 76.32,53.76,4.8 49.44,22.08,4.8 59.04,24.48,4.8 63.84,57.12,4.8 4.8,34.08,4.8 14.4,31.68,4.8 16.8,70.56,4.8 26.4,73.44,4.8 31.68,12.48,4.8 63.36,66.72,4.8 72.96,69.12,4.8 82.56,71.04,4.8 48.96,12.48,4.8 78.72,36.48,4.8 20.16,83.04,4.8 69.12,4.8,4.8 37.44,76.8,4.8 24.48,48.48,4.8 89.76,92.64,4.8 90.72,4.8,4.8 40.8,80.16,4.8 50.4,86.4,4.8 53.76,43.68,4.8 12.48,95.2,4.8 22.08,95.2,4.8 93.6,12.48,4.8 16.8,4.8,4.8 90.72,37.44,4.8 62.4,95.2,4.8 4.8,55.68,4.8 14.4,48.96,4.8 4.8,16.8,4.8 95.04,95.2,4.8 51.36,53.28,4.8 27.84,95.2,4.8 14.4,14.4,4.8 45.12,95.2,4.8 54.72,95.2,4.8 76.32,95.2,4.8 85.92,95.2,4.8 39.84,20.16,4.8 13.68,59.76,6 61.2,94,6 73.2,85.2,6 85.2,87.6,6 42.96,38.64,6 81.84,25.68,6 52.56,32.88,6 25.2,37.68,6 59.76,13.68,6 72.24,42.96,6 94,74.16,6 6,74.16,6 27.6,6,6 41.04,58.32,6 48.24,88.08,6 94,44.88,6 6,44.88,6 32.88,46.32,6 21.36,25.68,6 79.92,6,6 53.04,64.08,6 6,6,6 52.56,76.08,6 6,93.84,6 65.52,94,6 18,89.04,6 30,93.84,6 69.84,23.28,6 
fitness 0.00261874
78.72,96.16,3.84 69.6,13.44,3.84 44.64,54.72,3.84 72,46.08,3.84 13.44,55.68,3.84 48,96.16,3.84 63.36,90.72,3.84 40.8,62.4,3.84 50.4,3.84,3.84 87.84,38.88,3.84 21.12,64.32,3.84 3.84,42.72,3.84 55.68,96.16,3.84 86.88,11.52,3.84 33.12,3.84,3.84 96.16,88.8,3.84 79.68,58.08,3.84 71.04,88.8,3.84 80.16,81.12,3.84 81.6,73.44,3.84 68.16,65.76,3.84 95.52,96.16,3.84 33.12,68.16,3.84 3.84,96.16,3.84 25.44,72,3.84 11.52,21.12,3.84 28.8,19.2,3.84 40.8,87.36,3.84 40.32,13.44,3.84 65.28,21.12,3.84 54.72,79.68,3.84 95.04,3.84,3.84 64.32,54.72,3.84 33.12,87.84,3.84 13.44,84.96,3.84 11.52,38.4,3.84 30.72,95.52,3.84 3.84,79.2,3.84 80.64,19.2,3.84 54.72,30.72,3.84 62.88,47.04,3.84 88.32,96.16,3.84 72.96,21.12,3.84 40.8,70.08,3.84 48.48,72,3.84 23.04,96.16,3.84 32.64,11.52,3.84 87.36,3.84,3.84 72.48,83.04,3.84 87.84,87.36,3.84 3.84,25.44,3.84 23.04,32.64,3.84 75.84,65.76,3.84 79.68,3.84,3.84 86.4,96.16,3.84 95.52,50.4,3.84 96,96.16,3.84 31.2,38.88,3.84 79.68,50.4,3.84 15.84,3.84,3.84 70.56,38.4,3.84 24,14.4,4.8 20.16,24,4.8 41.76,4.8,4.8 37.44,22.08,4.8 84.48,69.12,4.8 94.08,80.16,4.8 79.2,41.76,4.8 12.48,76.32,4.8 46.08,78.72,4.8 47.04,22.08,4.8 63.36,84.96,4.8 72.96,74.4,4.8 56.64,28.8,4.8 90.24,78.72,4.8 4.8,51.36,4.8 4.8,87.84,4.8 14.4,47.04,4.8 36,47.52,4.8 24.48,4.8,4.8 48.96,12.48,4.8 71.04,4.8,4.8 4.8,34.08,4.8 4.8,60.96,4.8 4.8,95.2,4.8 14.4,93.6,4.8 14.4,29.76,4.8 78.24,12.48,4.8 39.36,95.2,4.8 4.8,16.8,4.8 49.44,63.36,4.8 59.04,63.36,4.8 63.36,38.4,4.8 79.68,95.2,4.8 88.32,59.52,4.8 95.2,70.56,4.8 4.8,70.56,4.8 36.48,95.2,4.8 58.08,95.2,4.8 72.96,29.76,4.8 14.4,12.48,4.8 95.04,95.2,4.8 50.64,89.52,6 62.64,94,6 53.04,40.56,6 58.32,74.16,6 89.52,48.72,6 44.88,32.88,6 60.24,6,6 90.48,25.68,6 30.96,58.32,6 59.76,18,6 23.28,81.84,6 35.28,78,6 83.76,30.96,6 94,29.04,6 69.84,55.92,6 94,13.68,6 25.2,54.48,6 6,6,6 21.36,42.48,6 13.68,94,6 25.68,94,6 15.6,65.52,6 47.28,94,6 54.48,52.56,6 68.88,94,6 23.28,93.84,6 32.88,29.04,6 41.04,44.88,6 
fitness 0.00261602
94.08,48.48,3.84 30.72,71.04,3.84 71.04,48,3.84 87.36,95.52,3.84 13.44,23.04,3.84 21.12,84.96,3.84 50.4,73.44,3.84 3.84,15.84,3.84 35.04,63.36,3.84 3.84,33.12,3.84 82.56,31.2,3.84 95.04,96.16,3.84 93.6,3.84,3.84 84.96,87.84,3.84 65.76,81.6,3.84 21.12,11.52,3.84 38.4,48.48,3.84 71.04,40.32,3.84 11.52,57.6,3.84 58.08,88.32,3.84 28.8,21.12,3.84 30.72,46.08,3.84 78.72,46.56,3.84 67.68,13.44,3.84 87.36,23.52,3.84 46.08,50.4,3.84 25.44,3.84,3.84 96.16,56.16,3.84 53.76,56.64,3.84 36.48,25.44,3.84 3.84,58.08,3.84 73.44,77.28,3.84 63.36,42.72,3.84 86.4,57.12,3.84 3.84,40.8,3.84 78.72,38.88,3.84 30.72,28.8,3.84 21.12,19.2,3.84 46.08,35.04,3.84 19.2,92.64,3.84 90.72,85.44,3.84 58.08,96,3.84 3.84,77.76,3.84 13.44,84.48,3.84 76.8,96.16,3.84 23.04,46.08,3.84 57.12,96.16,3.84 11.52,92.16,3.84 26.88,90.72,3.84 38.4,33.12,3.84 46.08,42.72,3.84 50.4,65.76,3.84 42.72,65.76,3.84 85.92,3.84,3.84 50.4,81.12,3.84 38.4,40.8,3.84 50.4,58.08,3.84 15.84,96.16,3.84 28.8,13.44,3.84 11.52,40.32,3.84 3.84,95.04,3.84 12.48,14.4,4.8 62.4,51.36,4.8 95.2,36.48,4.8 12.48,31.68,4.8 22.08,27.84,4.8 55.68,4.8,4.8 32.16,54.72,4.8 41.76,57.12,4.8 37.44,16.8,4.8 71.04,60.96,4.8 80.64,56.64,4.8 16.8,66.24,4.8 26.4,66.72,4.8 54.72,38.4,4.8 64.32,34.08,4.8 73.92,31.68,4.8 12.48,75.84,4.8 22.08,76.32,4.8 59.04,16.8,4.8 76.32,12.48,4.8 20.16,37.44,4.8 82.08,79.2,4.8 29.76,37.44,4.8 95.2,85.44,4.8 4.8,86.4,4.8 41.76,86.4,4.8 54.72,48,4.8 4.8,24.48,4.8 66.72,90.24,4.8 76.32,85.92,4.8 77.28,4.8,4.8 16.8,4.8,4.8 34.08,4.8,4.8 4.8,49.44,4.8 35.52,95.2,4.8 45.12,89.76,4.8 54.72,95.2,4.8 14.4,48.96,4.8 45.12,26.4,4.8 24.48,95.2,4.8 78.72,22.08,4.8 30.96,80.88,6 94,68.4,6 91.44,56.4,6 6,67.92,6 21.36,55.92,6 60.24,66.48,6 40.56,75.6,6 94,94,6 92.4,47.28,6 6,6,6 66.48,6,6 48.24,15.6,6 88.56,66.96,6 44.88,6,6 60.24,78.48,6 65.52,94,6 77.52,94,6 72.24,71.76,6 84.24,67.44,6 6,94,6 55.92,27.6,6 87.12,13.68,6 35.28,94,6 47.28,94,6 67.92,23.28,6 66.96,94,6 94,25.68,6 86.64,94,6 
fitness 0.0026094
31.2,3.84,3.84 3.84,96.16,3.84 3.84,40.8,3.84 25.44,70.08,3.84 52.8,96.16,3.84 91.2,28.8,3.84 83.04,46.08,3.84 90.72,48.48,3.84 57.12,95.04,3.84 38.4,50.88,3.84 60.48,55.68,3.84 23.52,77.76,3.84 89.28,21.12,3.84 23.04,15.84,3.84 96,65.76,3.84 96.16,33.12,3.84 11.52,3.84,3.84 56.16,3.84,3.84 25.44,62.4,3.84 13.44,48,3.84 52.8,58.08,3.84 40.32,92.16,3.84 52.8,21.12,3.84 96.16,96.16,3.84 56.16,40.32,3.84 77.28,15.84,3.84 45.12,19.2,3.84 96.16,25.44,3.84 95.04,40.8,3.84 72.48,96.16,3.84 55.68,48,3.84 11.52,40.32,3.84 67.68,87.84,3.84 33.12,56.16,3.84 66.72,63.36,3.84 3.84,33.12,3.84 42.72,11.52,3.84 60.48,96,3.84 75.36,52.32,3.84 50.4,75.36,3.84 15.84,74.88,3.84 38.88,3.84,3.84 75.36,81.6,3.84 25.44,96.16,3.84 84.96,13.44,3.84 75.36,89.28,3.84 28.8,40.8,3.84 3.84,3.84,3.84 83.04,81.12,3.84 23.04,85.44,3.84 37.44,23.52,3.84 64.8,88.32,3.84 50.4,13.44,3.84 83.04,73.44,3.84 48.48,40.8,3.84 21.12,35.52,3.84 30.72,48.48,3.84 60,80.64,3.84 67.68,95.52,3.84 45.12,96.16,3.84 80.16,96.16,3.84 16.8,66.24,4.8 47.52,4.8,4.8 58.08,66.72,4.8 64.8,4.8,4.8 75.36,79.2,4.8 20.16,44.16,4.8 86.4,4.8,4.8 61.44,22.08,4.8 32.16,76.8,4.8 41.76,83.52,4.8 71.04,24,4.8 59.04,72,4.8 76.8,43.68,4.8 86.4,37.44,4.8 80.64,24.48,4.8 4.8,95.04,4.8 14.4,83.52,4.8 4.8,49.44,4.8 31.68,86.4,4.8 59.04,12.48,4.8 22.08,53.76,4.8 68.64,14.4,4.8 4.8,12.48,4.8 47.04,49.44,4.8 91.68,95.2,4.8 12.48,31.68,4.8 12.48,93.12,4.8 14.4,12.48,4.8 29.76,32.16,4.8 63.36,31.68,4.8 16.8,56.64,4.8 88.8,89.76,4.8 72.96,33.6,4.8 4.8,95.2,4.8 82.56,34.08,4.8 93.6,16.8,4.8 16.8,22.08,4.8 81.12,60.96,4.8 81.12,95.2,4.8 90.72,95.2,4.8 4.8,95.2,4.8 50.16,85.2,6 6,23.28,6 32.88,13.68,6 27.6,25.68,6 86.16,71.76,6 6,60.24,6 6,84.24,6 40.56,29.04,6 23.28,94,6 35.28,94,6 47.28,94,6 52.56,30.96,6 75.6,6,6 42.96,60.72,6 38.64,41.04,6 21.36,6,6 70.32,68.4,6 94,6,6 15.6,94,6 91.92,55.92,6 35.28,94,6 92.88,94,6 6,72.24,6 66,44.4,6 70.32,94,6 65.52,56.4,6 35.28,66,6 47.28,72.72,6 
fitness 0.00259436
3.84,96.16,3.84 96.16,95.04,3.84 92.64,87.36,3.84 93.12,62.4,3.84 38.88,40.8,3.84 56.16,43.2,3.84 79.68,96.16,3.84 73.44,52.8,3.84 33.12,54.24,3.84 67.2,11.52,3.84 49.92,96.16,3.84 42.72,65.76,3.84 94.56,25.44,3.84 15.84,47.04,3.84 78.24,25.44,3.84 28.8,46.56,3.84 32.64,83.52,3.84 64.32,96.16,3.84 96.16,79.68,3.84 72,96.16,3.84 70.56,19.2,3.84 37.44,3.84,3.84 31.2,38.88,3.84 21.12,50.4,3.84 81.6,60.48,3.84 84.96,89.76,3.84 3.84,33.12,3.84 96.16,33.12,3.84 45.12,33.12,3.84 3.84,25.44,3.84 3.84,96.16,3.84 3.84,80.16,3.84 58.08,77.76,3.84 38.88,96.16,3.84 11.52,83.52,3.84 88.8,54.72,3.84 77.28,89.76,3.84 3.84,52.8,3.84 81.12,52.8,3.84 56.16,96.16,3.84 3.84,72.48,3.84 73.44,45.12,3.84 85.44,96.16,3.84 32.64,11.52,3.84 36.48,48.48,3.84 31.2,19.2,3.84 25.44,58.08,3.84 69.6,89.28,3.84 23.52,42.72,3.84 86.88,13.44,3.84 96.16,50.4,3.84 23.52,23.04,3.84 91.2,82.08,3.84 56.16,50.88,3.84 31.2,96.16,3.84 23.52,96.16,3.84 19.2,77.76,3.84 59.52,11.52,3.84 66.72,3.84,3.84 74.4,3.84,3.84 38.88,25.44,3.84 60.96,69.12,4.8 70.56,71.04,4.8 4.8,16.8,4.8 12.48,55.68,4.8 14.4,16.8,4.8 24,14.4,4.8 28.8,4.8,4.8 39.84,74.4,4.8 49.44,88.8,4.8 41.28,16.8,4.8 66.72,80.64,4.8 76.32,81.12,4.8 64.8,49.44,4.8 47.52,48,4.8 4.8,88.8,4.8 14.4,92.16,4.8 24,86.4,4.8 50.88,14.4,4.8 41.28,84,4.8 16.8,65.28,4.8 64.8,39.84,4.8 58.08,4.8,4.8 41.76,57.12,4.8 51.36,69.6,4.8 12.48,95.2,4.8 22.08,95.2,4.8 43.68,93.6,4.8 60.96,59.52,4.8 83.04,4.8,4.8 90.24,73.44,4.8 88.32,95.2,4.8 95.2,95.2,4.8 95.2,71.04,4.8 92.64,4.8,4.8 12.48,74.88,4.8 34.08,62.88,4.8 47.52,95.2,4.8 12.48,38.4,4.8 76.8,95.2,4.8 51.36,79.2,4.8 94.08,95.2,4.8 13.68,27.6,6 59.76,87.6,6 88.08,23.28,6 83.28,62.64,6 87.12,94,6 81.36,70.32,6 77.04,15.6,6 6,62.64,6 18,6,6 32.88,93.36,6 47.28,6,6 54.48,94,6 23.28,32.88,6 29.04,73.68,6 35.28,29.04,6 48.72,25.2,6 54.96,37.2,6 71.76,60.24,6 13.68,94,6 66.96,33.36,6 78.96,29.04,6 90.96,35.28,6 6,42.96,6 60.72,21.36,6 66,94,6 23.28,67.92,6 46.32,58.8,6 6,6,6 
fitness 0.00257423
3.84,60.48,3.84 15.84,21.12,3.84 74.4,50.4,3.84 34.56,42.24,3.84 91.68,82.08,3.84 67.2,3.84,3.84 52.32,72,3.84 45.12,49.92,3.84 96.16,87.84,3.84 46.08,95.04,3.84 69.12,49.44,3.84 84.48,48.48,3.84 91.68,15.84,3.84 11.52,28.8,3.84 54.72,25.44,3.84 3.84,87.36,3.84 3.84,33.12,3.84 84,86.4,3.84 33.12,96.16,3.84 19.2,45.12,3.84 40.8,96.16,3.84 75.36,78.72,3.84 59.52,3.84,3.84 96.16,11.52,3.84 71.04,96.16,3.84 3.84,40.8,3.84 21.12,96.16,3.84 15.84,44.16,3.84 25.44,96.16,3.84 90.72,68.16,3.84 11.52,36.48,3.84 3.84,3.84,3.84 58.08,85.44,3.84 11.52,51.84,3.84 26.88,40.32,3.84 92.64,95.52,3.84 50.4,87.36,3.84 48.48,64.32,3.84 67.68,67.68,3.84 83.04,64.8,3.84 74.4,23.52,3.84 62.4,33.12,3.84 28.8,13.44,3.84 54.72,79.68,3.84 21.12,96.16,3.84 82.08,96.16,3.84 3.84,95.04,3.84 96.16,3.84,3.84 13.44,13.44,3.84 35.04,67.2,3.84 25.44,88.8,3.84 53.76,93.12,3.84 76.8,45.12,3.84 40.8,57.6,3.84 60,68.16,3.84 84.96,89.76,3.84 56.16,60.48,3.84 51.84,40.8,3.84 92.16,44.16,3.84 38.4,96.16,3.84 21.12,13.44,3.84 43.68,66.24,4.8 46.08,24,4.8 60.48,41.76,4.8 4.8,12.48,4.8 41.28,4.8,4.8 84,73.44,4.8 4.8,78.72,4.8 50.88,4.8,4.8 34.08,75.84,4.8 12.48,4.8,4.8 63.36,76.8,4.8 32.16,31.68,4.8 36.48,48.96,4.8 41.76,33.6,4.8 53.76,55.68,4.8 12.48,82.08,4.8 37.44,14.4,4.8 41.76,87.84,4.8 71.04,32.16,4.8 92.64,36.48,4.8 66.72,88.32,4.8 76.32,95.04,4.8 32.16,58.56,4.8 59.04,12.48,4.8 22.08,4.8,4.8 12.48,91.68,4.8 75.84,4.8,4.8 29.76,95.2,4.8 64.8,59.04,4.8 74.4,70.08,4.8 31.68,4.8,4.8 62.4,95.2,4.8 36.48,22.08,4.8 91.68,95.2,4.8 4.8,95.2,4.8 95.2,60.48,4.8 4.8,69.12,4.8 14.4,60.48,4.8 61.44,95.2,4.8 43.2,46.08,4.8 90.72,95.2,4.8 25.2,78.96,6 64.56,50.64,6 21.36,35.28,6 84.24,59.28,6 94,54.96,6 81.84,15.6,6 48.24,15.6,6 21.36,66.96,6 94,78,6 52.56,35.28,6 15.6,71.28,6 86.64,6,6 64.56,23.28,6 44.88,77.04,6 81.84,39.6,6 6,23.28,6 80.88,94,6 74.16,77.52,6 6,50.64,6 15.6,94,6 84.24,27.6,6 25.68,54.96,6 94,25.68,6 50.64,94,6 69.84,13.68,6 72.24,94,6 25.68,23.28,6 30.96,86.64,6 
fitness 0.00256553
54.72,94.08,3.84 3.84,23.52,3.84 15.84,48,3.84 30.72,66.24,3.84 43.2,42.24,3.84 77.76,68.64,3.84 3.84,84,3.84 61.92,21.12,3.84 68.16,75.84,3.84 94.56,64.8,3.84 21.12,67.2,3.84 96.16,23.52,3.84 13.44,63.36,3.84 31.2,96.16,3.84 89.76,96.16,3.84 65.28,3.84,3.84 86.88,30.72,3.84 94.08,84,3.84 54.72,11.52,3.84 49.92,3.84,3.84 96.16,96.16,3.84 69.6,46.56,3.84 3.84,3.84,3.84 58.08,58.08,3.84 37.44,93.6,3.84 75.84,84,3.84 15.84,40.32,3.84 40.8,74.88,3.84 21.12,74.88,3.84 86.4,80.16,3.84 60.48,73.44,3.84 13.44,32.64,3.84 83.04,96.16,3.84 11.52,92.64,3.84 23.52,40.32,3.84 86.4,91.68,3.84 46.56,96.16,3.84 28.8,73.92,3.84 86.88,48,3.84 78.72,65.28,3.84 11.52,96.16,3.84 3.84,96.16,3.84 13.44,55.68,3.84 53.76,65.76,3.84 38.88,96.16,3.84 50.88,96.16,3.84 59.52,28.8,3.84 25.44,13.44,3.84 96.16,15.84,3.84 52.32,52.8,3.84 74.88,38.88,3.84 57.6,3.84,3.84 3.84,96.16,3.84 91.2,23.04,3.84 31.2,96.16,3.84 67.2,31.2,3.84 72,11.52,3.84 95.04,72.48,3.84 71.04,76.32,3.84 38.4,59.52,3.84 36.48,67.2,3.84 78.24,60,4.8 12.48,24,4.8 22.08,22.08,4.8 4.8,65.76,4.8 31.68,26.4,4.8 22.08,58.56,4.8 41.28,24,4.8 85.92,4.8,4.8 86.4,56.64,4.8 82.56,26.4,4.8 4.8,75.36,4.8 4.8,32.16,4.8 16.8,14.4,4.8 45.12,73.44,4.8 22.08,31.68,4.8 62.4,67.2,4.8 31.68,36,4.8 41.28,33.6,4.8 50.88,32.16,4.8 41.28,4.8,4.8 12.48,72,4.8 46.08,14.4,4.8 95.2,32.16,4.8 12.48,4.8,4.8 4.8,92.64,4.8 63.36,12.48,4.8 46.08,83.52,4.8 22.08,4.8,4.8 80.64,16.8,4.8 71.52,95.2,4.8 81.12,95.2,4.8 95.2,39.36,4.8 90.24,14.4,4.8 24.48,48.96,4.8 34.08,57.6,4.8 43.68,50.88,4.8 31.68,4.8,4.8 55.2,95.2,4.8 64.8,95.2,4.8 74.4,95.2,4.8 60.96,49.44,4.8 67.92,56.4,6 71.76,21.36,6 33.36,46.8,6 64.56,83.28,6 76.56,85.68,6 35.28,15.6,6 94,87.12,6 53.04,42.96,6 65.04,38.64,6 21.36,94,6 52.08,21.36,6 41.04,94,6 84.72,49.2,6 60.72,94,6 77.04,37.2,6 30.96,83.76,6 48.24,62.64,6 6,54.96,6 50.64,84.24,6 75.12,6,6 21.36,94,6 6,42.96,6 94,6,6 85.68,75.12,6 94,90,6 6,13.68,6 15.6,82.8,6 27.6,84.72,6 
fitness 0.00256401
58.08,71.52,3.84 92.16,96.16,3.84 67.68,15.84,3.84 35.04,15.84,3.84 65.76,79.68,3.84 3.84,3.84,3.84 90.72,84.96,3.84 11.52,44.64,3.84 68.64,94.56,3.84 50.4,69.6,3.84 65.76,72,3.84 62.88,86.88,3.84 45.12,96.16,3.84 36.48,19.2,3.84 90.24,28.8,3.84 81.12,67.68,3.84 82.08,50.4,3.84 25.44,79.68,3.84 35.52,87.84,3.84 33.12,58.56,3.84 84.48,96.16,3.84 83.04,60,3.84 73.44,65.76,3.84 45.12,3.84,3.84 28.8,23.52,3.84 88.8,77.28,3.84 55.2,84.96,3.84 50.4,13.44,3.84 40.8,58.08,3.84 42.72,11.52,3.84 3.84,21.12,3.84 27.84,96.16,3.84 93.12,35.04,3.84 58.08,63.84,3.84 74.4,54.72,3.84 21.12,54.72,3.84 96.16,84.96,3.84 96.16,48.48,3.84 44.16,21.12,3.84 42.72,65.76,3.84 89.76,84.96,3.84 21.12,25.44,3.84 75.36,58.08,3.84 84,3.84,3.84 31.2,38.88,3.84 50.4,77.28,3.84 13.44,52.32,3.84 73.44,73.44,3.84 3.84,40.8,3.84 88.32,90.72,3.84 96.16,28.8,3.84 95.04,21.12,3.84 27.84,87.36,3.84 91.68,42.72,3.84 3.84,67.68,3.84 75.36,11.52,3.84 42.72,73.44,3.84 35.04,31.2,3.84 25.44,62.4,3.84 58.08,79.2,3.84 76.8,96.16,3.84 90.72,51.36,4.8 4.8,59.04,4.8 52.8,24,4.8 62.4,24.48,4.8 72,20.16,4.8 49.44,60.96,4.8 81.6,26.4,4.8 66.72,63.36,4.8 53.76,4.8,4.8 91.68,68.64,4.8 12.48,72.96,4.8 22.08,71.04,4.8 16.8,36,4.8 26.4,34.08,4.8 59.04,14.4,4.8 43.68,27.84,4.8 65.28,33.6,4.8 74.88,34.08,4.8 95.2,76.32,4.8 4.8,76.32,4.8 84.48,29.76,4.8 34.08,79.2,4.8 63.36,4.8,4.8 24.48,4.8,4.8 82.08,76.32,4.8 39.84,37.44,4.8 49.44,41.76,4.8 59.04,43.2,4.8 92.64,4.8,4.8 71.52,88.32,4.8 81.12,82.08,4.8 12.48,26.4,4.8 95.2,93.6,4.8 4.8,95.2,4.8 26.4,95.2,4.8 60,93.6,4.8 4.8,49.44,4.8 4.8,12.48,4.8 14.4,16.8,4.8 36.48,95.2,4.8 53.76,51.36,4.8 69.84,44.88,6 45.36,83.28,6 81.84,40.56,6 6,30.96,6 15.6,62.16,6 54.48,30.96,6 74.16,6,6 85.2,15.6,6 21.36,44.88,6 15.6,94,6 13.68,6,6 37.2,94,6 49.2,94,6 32.88,68.4,6 25.2,15.6,6 78.48,94,6 35.28,6,6 94,94,6 6,94,6 18,94,6 6,87.12,6 18,94,6 30.96,48.72,6 54.96,94,6 66.96,94,6 42.96,48.24,6 15.6,83.76,6 64.56,54,6 
fitness 0.0025631
63.36,53.76,3.84 68.16,30.72,3.84 78.72,36.48,3.84 56.64,25.44,3.84 3.84,89.76,3.84 13.44,54.72,3.84 81.6,3.84,3.84 19.2,68.16,3.84 89.28,3.84,3.84 38.88,91.2,3.84 90.72,78.72,3.84 27.84,33.12,3.84 3.84,47.52,3.84 19.2,40.8,3.84 89.76,44.16,3.84 68.16,96.16,3.84 63.36,38.4,3.84 11.52,47.04,3.84 3.84,64.8,3.84 35.52,35.04,3.84 57.6,81.12,3.84 88.32,11.52,3.84 57.12,50.4,3.84 87.36,63.84,3.84 36.48,44.64,3.84 75.36,79.2,3.84 11.52,72,3.84 83.52,19.2,3.84 3.84,72.48,3.84 11.52,89.28,3.84 96,11.52,3.84 23.04,75.84,3.84 3.84,3.84,3.84 82.08,42.24,3.84 36.48,64.32,3.84 21.12,3.84,3.84 91.2,19.2,3.84 31.2,96.16,3.84 80.64,13.44,3.84 33.12,96.16,3.84 60.48,96.16,3.84 31.2,91.2,3.84 71.04,49.92,3.84 94.56,96,3.84 13.44,96.16,3.84 67.68,61.44,3.84 52.8,33.12,3.84 21.12,60.48,3.84 75.84,26.88,3.84 71.04,34.56,3.84 60.48,35.04,3.84 11.52,96.16,3.84 83.52,96.16,3.84 3.84,96.16,3.84 40.8,96.16,3.84 74.4,46.08,3.84 75.84,96.16,3.84 49.92,79.68,3.84 65.28,69.12,3.84 28.8,64.32,3.84 95.04,96.16,3.84 48,26.4,4.8 72.96,4.8,4.8 65.28,26.4,4.8 95.2,70.08,4.8 74.88,22.08,4.8 12.48,63.36,4.8 12.48,4.8,4.8 29.76,4.8,4.8 45.12,59.04,4.8 54.72,62.88,4.8 95.2,73.44,4.8 44.16,36,4.8 27.84,72.96,4.8 37.44,72.96,4.8 59.04,72.48,4.8 40.8,14.4,4.8 50.4,16.8,4.8 95.2,87.36,4.8 4.8,81.12,4.8 14.4,80.64,4.8 84.48,27.84,4.8 31.68,82.56,4.8 41.28,82.56,4.8 94.08,48.48,4.8 72,16.8,4.8 73.92,70.56,4.8 27.84,43.68,4.8 51.36,4.8,4.8 45.12,41.76,4.8 54.72,43.68,4.8 47.52,88.32,4.8 57.12,89.76,4.8 66.72,77.76,4.8 4.8,95.2,4.8 16.8,26.4,4.8 95.2,56.16,4.8 85.44,87.84,4.8 4.8,56.16,4.8 26.4,24.48,4.8 51.84,95.2,4.8 65.76,53.28,4.8 94,6,6 80.88,54,6 48.24,69.84,6 6,13.68,6 6,37.68,6 62.16,6,6 85.2,85.68,6 6,25.68,6 61.2,15.6,6 77.52,59.76,6 23.28,94,6 88.56,59.28,6 18,37.2,6 50.64,94,6 62.64,94,6 74.64,88.56,6 84.72,73.68,6 94,94,6 40.56,6,6 18,15.6,6 21.36,94,6 23.28,50.64,6 41.04,94,6 30,13.68,6 35.28,54.48,6 47.28,54.48,6 37.2,25.2,6 21.36,85.68,6 
fitness 0.00255581
89.76,96.16,3.84 3.84,31.2,3.84 43.2,90.72,3.84 81.6,80.16,3.84 56.16,31.2,3.84 3.84,65.76,3.84 73.44,72.48,3.84 21.12,30.72,3.84 34.56,56.16,3.84 48.48,37.44,3.84 73.44,3.84,3.84 19.2,61.44,3.84 81.12,3.84,3.84 38.4,3.84,3.84 21.12,38.4,3.84 96.16,38.88,3.84 72.96,47.52,3.84 44.64,96.16,3.84 40.8,31.2,3.84 96.16,31.2,3.84 11.52,3.84,3.84 26.88,62.4,3.84 58.08,3.84,3.84 96.16,96.16,3.84 52.32,54.72,3.84 13.44,38.4,3.84 23.04,46.08,3.84 19.2,23.04,3.84 82.08,96.16,3.84 89.28,77.28,3.84 35.04,13.44,3.84 13.44,71.04,3.84 69.6,96.16,3.84 3.84,3.84,3.84 64.32,77.76,3.84 65.76,3.84,3.84 96.16,70.56,3.84 60,85.44,3.84 36.48,63.84,3.84 65.76,76.32,3.84 61.92,96.16,3.84 80.64,38.4,3.84 60.48,23.52,3.84 77.28,55.2,3.84 11.52,63.36,3.84 77.28,96.16,3.84 13.44,78.72,3.84 96,11.52,3.84 96.16,87.84,3.84 36.48,38.88,3.84 3.84,58.08,3.84 3.84,23.52,3.84 11.52,55.68,3.84 30.72,91.68,3.84 60,48.48,3.84 28.8,42.72,3.84 19.2,53.76,3.84 42.72,11.52,3.84 15.84,86.4,3.84 11.52,21.12,3.84 23.52,88.32,3.84 68.64,55.68,4.8 90.72,20.16,4.8 85.92,47.04,4.8 20.16,4.8,4.8 12.48,29.76,4.8 51.36,16.8,4.8 55.2,57.12,4.8 76.8,63.84,4.8 27.84,71.04,4.8 45.12,75.36,4.8 88.8,29.76,4.8 29.76,4.8,4.8 82.08,68.64,4.8 91.68,79.2,4.8 4.8,74.4,4.8 4.8,39.84,4.8 22.08,70.08,4.8 43.68,72.48,4.8 89.76,4.8,4.8 72.96,84.96,4.8 16.8,12.48,4.8 27.84,22.08,4.8 4.8,84,4.8 45.12,46.08,4.8 22.08,79.68,4.8 54.72,39.84,4.8 39.36,82.08,4.8 64.32,46.08,4.8 68.64,94.56,4.8 78.24,88.8,4.8 63.84,94.08,4.8 73.44,95.2,4.8 4.8,49.44,4.8 14.4,47.04,4.8 26.4,14.4,4.8 16.8,95.04,4.8 26.4,95.2,4.8 36,95.2,4.8 53.28,95.2,4.8 43.68,47.52,4.8 69.12,24.48,4.8 62.16,13.68,6 50.16,94,6 74.16,13.68,6 86.16,13.68,6 32.88,81.84,6 89.04,87.12,6 6,94,6 38.64,21.36,6 50.64,27.6,6 33.36,94,6 90.48,48.72,6 53.04,94,6 66,35.28,6 54.48,86.16,6 30.96,32.88,6 78,37.68,6 6,13.68,6 6,94,6 44.4,64.56,6 55.92,67.92,6 94,60.72,6 32.88,52.56,6 66,66.48,6 48.24,6,6 87.6,57.84,6 79.92,25.68,6 87.12,94,6 94,94,6 
fitness 0.00255396
75.84,96.16,3.84 94.08,89.76,3.84 13.44,11.52,3.84 3.84,21.12,3.84 54.72,78.72,3.84 95.52,35.52,3.84 38.4,66.72,3.84 25.44,40.8,3.84 57.12,48,3.84 86.88,3.84,3.84 48.48,96,3.84 89.76,55.2,3.84 64.8,52.32,3.84 19.2,68.16,3.84 75.36,81.6,3.84 71.52,73.92,3.84 48.48,71.04,3.84 46.56,63.36,3.84 31.2,79.2,3.84 13.44,79.2,3.84 19.2,96.16,3.84 53.76,60,3.84 63.84,96.16,3.84 46.08,55.68,3.84 36.48,25.44,3.84 13.44,56.16,3.84 11.52,63.84,3.84 19.2,96.16,3.84 56.16,96.16,3.84 44.16,23.04,3.84 92.64,84.96,3.84 3.84,69.6,3.84 86.4,67.68,3.84 74.4,89.28,3.84 69.12,66.24,3.84 11.52,71.52,3.84 54.24,67.68,3.84 11.52,94.56,3.84 96.16,81.6,3.84 72.48,54.72,3.84 26.88,71.52,3.84 19.2,23.52,3.84 13.44,48.48,3.84 3.84,77.28,3.84 50.4,40.32,3.84 79.2,72.48,3.84 3.84,3.84,3.84 61.44,62.4,3.84 96.16,60,3.84 66.24,32.64,3.84 11.52,86.88,3.84 11.52,3.84,3.84 56.16,96.16,3.84 3.84,96.16,3.84 70.08,47.04,3.84 21.12,60.48,3.84 38.88,96.16,3.84 33.12,42.24,3.84 11.52,19.2,3.84 19.2,3.84,3.84 3.84,94.56,3.84 62.88,14.4,4.8 62.88,71.04,4.8 84.48,14.4,4.8 4.8,51.36,4.8 87.84,76.32,4.8 59.04,4.8,4.8 68.64,4.8,4.8 78.24,4.8,4.8 27.84,24,4.8 39.84,87.36,4.8 81.12,57.6,4.8 57.12,76.32,4.8 66.72,80.64,4.8 27.84,4.8,4.8 84,81.12,4.8 4.8,12.48,4.8 4.8,85.92,4.8 4.8,60.96,4.8 46.08,95.2,4.8 52.8,24,4.8 62.4,26.4,4.8 29.76,62.88,4.8 16.8,27.84,4.8 26.4,32.16,4.8 36,33.6,4.8 57.6,31.68,4.8 47.52,87.36,4.8 49.44,4.8,4.8 77.76,63.84,4.8 84.48,95.2,4.8 94.08,95.2,4.8 86.88,36,4.8 34.08,14.4,4.8 4.8,41.76,4.8 27.84,95.2,4.8 43.68,16.8,4.8 53.28,14.4,4.8 41.76,46.08,4.8 72.48,95.2,4.8 82.08,95.2,4.8 91.68,95.2,4.8 36.72,76.56,6 94,30.96,6 64.56,87.12,6 15.6,38.64,6 84.24,91.44,6 6,30.96,6 94,6,6 94,13.68,6 23.28,13.68,6 29.04,94,6 60.24,42.48,6 46.8,35.28,6 79.92,46.8,6 66,94,6 21.36,78,6 91.92,45.36,6 38.64,6,6 73.68,15.6,6 23.28,50.64,6 35.28,52.08,6 94,71.76,6 38.64,94,6 47.28,56.88,6 76.08,37.2,6 73.2,25.2,6 85.2,25.68,6 23.28,90,6 35.28,89.04,6 
fitness 0.00255246
11.52,35.52,3.84 93.12,40.8,3.84 13.44,87.36,3.84 91.2,69.12,3.84 77.76,50.4,3.84 68.64,23.52,3.84 31.2,78.72,3.84 3.84,69.12,3.84 55.68,87.84,3.84 86.4,3.84,3.84 73.92,67.68,3.84 21.12,59.52,3.84 11.52,62.4,3.84 31.2,37.44,3.84 46.08,96.16,3.84 72.96,96.16,3.84 46.08,56.64,3.84 96.16,69.12,3.84 38.4,49.92,3.84 61.92,80.16,3.84 78.72,3.84,3.84 93.12,53.76,3.84 3.84,96,3.84 46.08,96.16,3.84 40.32,86.88,3.84 21.12,96.16,3.84 3.84,61.44,3.84 52.8,64.32,3.84 84.96,81.12,3.84 3.84,46.08,3.84 28.8,96.16,3.84 86.88,73.44,3.84 89.76,56.16,3.84 21.12,96.16,3.84 3.84,96.16,3.84 11.52,70.08,3.84 96.16,61.44,3.84 38.88,69.6,3.84 21.12,15.84,3.84 65.76,35.52,3.84 94.08,3.84,3.84 3.84,3.84,3.84 72.48,64.8,3.84 60.48,15.84,3.84 38.4,96.16,3.84 13.44,15.84,3.84 3.84,38.4,3.84 48,89.28,3.84 13.44,95.04,3.84 40.8,13.44,3.84 73.44,33.12,3.84 3.84,30.72,3.84 69.6,84.48,3.84 54.24,72.48,3.84 58.08,31.2,3.84 3.84,53.76,3.84 96.16,21.12,3.84 46.56,72,3.84 80.64,96.16,3.84 85.44,48.48,3.84 87.36,88.8,3.84 50.4,22.08,4.8 60,28.8,4.8 20.16,68.16,4.8 89.28,24.48,4.8 81.12,59.04,4.8 36.48,4.8,4.8 4.8,12.48,4.8 46.08,4.8,4.8 39.84,31.68,4.8 49.44,38.4,4.8 82.56,64.8,4.8 94.08,39.36,4.8 12.48,78.72,4.8 22.08,89.76,4.8 43.68,78.24,4.8 53.28,80.64,4.8 12.48,44.16,4.8 78.24,76.32,4.8 95.2,77.76,4.8 4.8,77.76,4.8 22.08,95.2,4.8 31.68,95.2,4.8 46.08,41.28,4.8 55.68,48,4.8 65.28,39.84,4.8 64.32,93.12,4.8 74.88,44.16,4.8 93.6,87.36,4.8 4.8,87.36,4.8 84.48,41.76,4.8 37.44,95.2,4.8 12.48,53.76,4.8 54.72,95.2,4.8 93.12,12.48,4.8 95.2,95.2,4.8 29.76,58.08,4.8 12.48,95.2,4.8 4.8,22.08,4.8 29.76,95.2,4.8 54.72,95.2,4.8 64.32,95.2,4.8 78.48,25.68,6 62.64,62.64,6 75.12,87.12,6 21.36,37.68,6 32.88,88.56,6 21.36,78.96,6 56.88,6,6 70.32,13.68,6 82.32,13.68,6 13.68,6,6 25.68,6,6 30.96,68.88,6 65.52,94,6 77.52,94,6 23.28,49.68,6 30.96,15.6,6 64.08,74.64,6 35.28,47.28,6 68.88,6,6 42.96,59.76,6 15.6,25.68,6 55.92,50.64,6 50.64,18,6 83.28,30.96,6 67.92,54.96,6 27.6,25.68,6 90.48,94,6 39.6,27.6,6 
fitness 0.00254579
38.4,30.72,3.84 35.04,73.92,3.84 49.44,3.84,3.84 96.16,3.84,3.84 55.68,80.16,3.84 84,19.2,3.84 27.84,15.84,3.84 91.68,96.16,3.84 58.08,72.48,3.84 82.08,11.52,3.84 11.52,86.88,3.84 90.72,96.16,3.84 42.72,61.44,3.84 66.72,95.52,3.84 88.8,3.84,3.84 3.84,96.16,3.84 28.8,81.6,3.84 40.8,38.4,3.84 79.2,89.28,3.84 44.64,53.76,3.84 25.44,50.4,3.84 83.04,96.16,3.84 72.96,75.36,3.84 23.52,42.72,3.84 28.8,96.16,3.84 61.92,87.36,3.84 21.12,96.16,3.84 11.52,33.12,3.84 21.12,79.68,3.84 3.84,37.44,3.84 65.76,96.16,3.84 96.16,74.4,3.84 52.32,27.84,3.84 3.84,90.72,3.84 96.16,82.08,3.84 96.16,45.12,3.84 89.28,30.72,3.84 38.88,78.72,3.84 52.32,62.4,3.84 31.2,89.28,3.84 36.48,96.16,3.84 33.12,56.64,3.84 40.8,46.08,3.84 74.4,11.52,3.84 67.68,60.48,3.84 83.52,48,3.84 66.72,15.84,3.84 77.28,36.48,3.84 84,92.64,3.84 60,64.8,3.84 48.48,54.72,3.84 56.16,57.12,3.84 13.44,96.16,3.84 81.12,3.84,3.84 13.44,25.44,3.84 54.24,87.84,3.84 63.84,52.8,3.84 15.84,40.8,3.84 59.04,95.04,3.84 50.4,70.08,3.84 46.56,87.36,3.84 66.72,69.12,4.8 76.32,66.72,4.8 85.92,39.36,4.8 95.2,53.76,4.8 12.48,78.24,4.8 16.8,49.44,4.8 4.8,28.8,4.8 37.44,70.08,4.8 47.04,78.72,4.8 20.16,34.08,4.8 64.32,78.72,4.8 29.76,38.4,4.8 81.6,80.64,4.8 16.8,4.8,4.8 47.04,36.48,4.8 80.64,27.84,4.8 22.08,24.48,4.8 16.8,59.04,4.8 26.4,59.04,4.8 36,65.28,4.8 70.56,84,4.8 43.68,22.08,4.8 95.2,95.2,4.8 16.8,95.2,4.8 38.4,95.2,4.8 36.48,16.8,4.8 46.08,12.48,4.8 75.36,95.2,4.8 32.16,48,4.8 76.32,57.12,4.8 4.8,95.2,4.8 92.64,22.08,4.8 4.8,82.08,4.8 14.4,68.64,4.8 49.44,46.08,4.8 45.12,95.2,4.8 59.04,48.48,4.8 74.4,95.2,4.8 68.64,44.16,4.8 90.72,12.48,4.8 95.2,95.2,4.8 18,15.6,6 73.68,46.32,6 59.28,6,6 93.36,64.56,6 89.04,94,6 87.12,69.84,6 6,94,6 6,71.28,6 27.6,94,6 71.28,6,6 49.2,88.56,6 27.6,6,6 32.88,27.6,6 56.88,18,6 57.84,37.68,6 69.84,33.36,6 6,59.28,6 39.6,6,6 87.12,57.84,6 62.16,25.68,6 92.4,91.92,6 74.16,21.36,6 55.92,94,6 6,47.28,6 21.36,89.52,6 25.2,69.84,6 6,6,6 6,18,6 
fitness 0.00253968
3.84,3.84,3.84 92.16,68.16,3.84 52.8,3.84,3.84 3.84,96.16,3.84 52.8,63.84,3.84 45.12,67.2,3.84 11.52,94.08,3.84 39.84,96.16,3.84 31.2,96.16,3.84 23.52,45.12,3.84 78.72,77.76,3.84 87.84,3.84,3.84 23.04,60.48,3.84 60.48,65.76,3.84 65.28,66.72,3.84 55.2,96.16,3.84 96.16,96.16,3.84 25.44,87.36,3.84 92.64,55.68,3.84 96.16,40.32,3.84 55.68,21.12,3.84 84.96,52.8,3.84 33.12,91.68,3.84 23.04,27.84,3.84 89.76,45.12,3.84 57.6,58.08,3.84 80.16,3.84,3.84 46.08,46.56,3.84 3.84,30.72,3.84 82.08,40.8,3.84 48,19.2,3.84 58.08,28.8,3.84 50.4,26.88,3.84 3.84,50.4,3.84 11.52,32.64,3.84 40.32,21.12,3.84 21.12,52.8,3.84 96.16,48,3.84 72.96,58.08,3.84 31.2,47.04,3.84 54.24,11.52,3.84 28.8,54.72,3.84 83.52,96.16,3.84 47.52,96.16,3.84 68.16,96.16,3.84 13.44,96.16,3.84 38.88,96.16,3.84 64.8,83.04,3.84 15.84,67.2,3.84 80.64,60.48,3.84 75.84,95.04,3.84 15.84,40.32,3.84 30.72,62.4,3.84 95.52,3.84,3.84 60.48,3.84,3.84 71.04,21.12,3.84 71.04,86.4,3.84 63.36,27.84,3.84 45.12,3.84,3.84 84.48,96.16,3.84 72.48,94.08,3.84 66.72,58.08,4.8 76.32,49.44,4.8 4.8,59.04,4.8 14.4,58.56,4.8 91.68,31.68,4.8 36,16.8,4.8 39.36,58.56,4.8 48.96,55.2,4.8 45.6,12.48,4.8 20.16,36.48,4.8 41.76,29.76,4.8 89.28,64.32,4.8 24.48,69.12,4.8 62.88,12.48,4.8 66.72,36.48,4.8 88.32,36.48,4.8 4.8,80.64,4.8 14.4,75.84,4.8 24,78.72,4.8 33.6,83.04,4.8 43.2,75.84,4.8 52.8,72.48,4.8 62.4,74.4,4.8 16.8,85.44,4.8 84.48,12.48,4.8 4.8,22.08,4.8 39.84,39.36,4.8 81.12,86.4,4.8 90.72,88.8,4.8 61.44,37.44,4.8 14.4,24,4.8 12.48,4.8,4.8 59.52,91.68,4.8 31.68,26.4,4.8 12.48,48.96,4.8 92.16,95.2,4.8 4.8,12.48,4.8 37.44,48.96,4.8 75.84,95.2,4.8 14.4,14.4,4.8 4.8,95.2,4.8 70.32,6,6 30.96,37.2,6 35.28,72.24,6 25.2,18,6 50.64,36.72,6 80.88,25.68,6 72.24,47.28,6 21.36,94,6 77.52,30.96,6 70.32,76.56,6 48.72,94,6 73.68,18,6 6,40.56,6 23.28,6,6 88.56,78,6 6,91.44,6 6,94,6 18,94,6 30,94,6 35.28,6,6 82.32,67.92,6 6,69.84,6 65.04,94,6 94,13.68,6 42.96,86.64,6 94,94,6 54.96,83.28,6 55.92,48.24,6 
fitness 0.00253027
25.44,51.84,3.84 65.76,21.12,3.84 19.2,59.52,3.84 32.64,96.16,3.84 11.52,3.84,3.84 83.52,38.4,3.84 92.64,21.12,3.84 71.52,63.36,3.84 88.8,84.48,3.84 64.8,53.76,3.84 96.16,79.68,3.84 3.84,76.8,3.84 34.56,72.48,3.84 72.96,96.16,3.84 80.64,96.16,3.84 42.72,33.12,3.84 45.12,15.84,3.84 3.84,96.16,3.84 19.2,3.84,3.84 35.04,80.16,3.84 82.08,55.68,3.84 23.52,19.2,3.84 60,80.64,3.84 26.88,72.48,3.84 11.52,72,3.84 15.84,21.12,3.84 91.2,36.48,3.84 81.6,3.84,3.84 23.52,36.48,3.84 89.28,30.72,3.84 75.84,38.4,3.84 65.28,96.16,3.84 68.16,40.8,3.84 52.32,87.36,3.84 62.4,11.52,3.84 57.12,60,3.84 79.68,11.52,3.84 58.56,3.84,3.84 66.72,88.32,3.84 3.84,45.12,3.84 35.04,33.12,3.84 91.2,46.08,3.84 66.24,3.84,3.84 42.24,67.68,3.84 42.72,80.16,3.84 50.4,25.44,3.84 47.04,96.16,3.84 43.2,40.8,3.84 3.84,3.84,3.84 25.44,11.52,3.84 26.88,3.84,3.84 96.16,28.8,3.84 33.12,52.8,3.84 60.48,36.48,3.84 40.32,96.16,3.84 48,96.16,3.84 73.92,3.84,3.84 58.08,19.2,3.84 25.44,44.16,3.84 89.28,3.84,3.84 50.4,33.12,3.84 53.76,51.36,4.8 63.36,45.12,4.8 72.96,49.44,4.8 82.56,47.04,4.8 4.8,36.48,4.8 16.8,63.36,4.8 26.4,27.84,4.8 71.04,12.48,4.8 73.44,59.04,4.8 88.32,12.48,4.8 59.04,27.84,4.8 80.64,29.76,4.8 95.2,12.48,4.8 50.88,62.4,4.8 16.8,12.48,4.8 80.16,66.72,4.8 16.8,80.64,4.8 26.4,68.16,4.8 32.16,24.48,4.8 63.36,72,4.8 84.96,72,4.8 51.84,41.76,4.8 12.48,90.24,4.8 34.08,88.8,4.8 43.68,88.8,4.8 41.76,24.48,4.8 80.64,81.6,4.8 4.8,95.2,4.8 38.4,95.2,4.8 53.76,16.8,4.8 75.36,95.2,4.8 84.96,91.2,4.8 94.56,95.2,4.8 4.8,95.2,4.8 14.4,95.2,4.8 24,95.2,4.8 74.4,20.16,4.8 16.8,53.76,4.8 56.64,95.2,4.8 84,22.08,4.8 95.2,4.8,4.8 47.28,62.64,6 13.68,42.96,6 35.28,13.68,6 69.84,93.84,6 48.72,6,6 91.44,89.52,6 6,86.64,6 15.6,94,6 27.6,90.96,6 6,66.96,6 36.72,6,6 56.88,94,6 69.84,30.96,6 33.36,42.96,6 15.6,30.96,6 52.56,77.52,6 35.28,62.64,6 74.16,81.84,6 6,25.68,6 94,77.52,6 6,54.96,6 6,13.68,6 61.68,69.84,6 23.28,78.96,6 91.92,55.92,6 42.96,50.64,6 90.48,94,6 6,94,6 
fitness 0.00251872
67.68,11.52,3.84 67.68,36.48,3.84 75.84,96.16,3.84 23.52,67.68,3.84 52.32,13.44,3.84 11.52,96.16,3.84 40.8,3.84,3.84 54.72,50.4,3.84 74.4,53.76,3.84 3.84,96.16,3.84 35.04,21.12,3.84 85.44,77.76,3.84 89.76,85.44,3.84 70.08,78.72,3.84 11.52,81.6,3.84 87.36,13.44,3.84 48,33.12,3.84 3.84,86.4,3.84 33.12,38.4,3.84 81.6,57.12,3.84 50.88,96.16,3.84 70.08,61.44,3.84 13.44,35.04,3.84 55.68,30.72,3.84 40.8,66.24,3.84 42.72,96.16,3.84 75.36,96.16,3.84 40.32,31.2,3.84 31.2,77.28,3.84 47.52,58.56,3.84 25.44,3.84,3.84 72.96,39.84,3.84 42.72,23.52,3.84 3.84,96.16,3.84 31.2,92.64,3.84 52.8,89.28,3.84 80.64,33.12,3.84 82.08,64.8,3.84 60.48,79.2,3.84 25.44,40.32,3.84 67.68,3.84,3.84 96.16,74.4,3.84 84.96,40.8,3.84 15.84,89.28,3.84 33.12,3.84,3.84 33.12,84.96,3.84 25.44,48,3.84 50.4,96.16,3.84 72,19.2,3.84 40.8,38.88,3.84 3.84,15.84,3.84 95.04,96.16,3.84 60,13.44,3.84 96.16,96.16,3.84 15.84,73.92,3.84 3.84,66.72,3.84 77.76,82.08,3.84 92.64,54.72,3.84 58.08,96.16,3.84 87.36,70.08,3.84 58.56,96.16,3.84 72.96,45.12,4.8 95.2,4.8,4.8 63.36,22.08,4.8 56.16,59.04,4.8 65.76,58.56,4.8 90.72,61.44,4.8 4.8,34.08,4.8 12.48,14.4,4.8 32.16,68.64,4.8 22.08,31.68,4.8 49.44,68.64,4.8 31.68,29.76,4.8 78.72,73.44,4.8 22.08,12.48,4.8 31.68,12.48,4.8 64.32,27.84,4.8 39.84,74.88,4.8 49.44,4.8,4.8 69.12,70.08,4.8 59.04,4.8,4.8 94.08,95.04,4.8 24.48,88.32,4.8 16.8,43.68,4.8 16.8,4.8,4.8 61.44,87.84,4.8 49.44,41.76,4.8 59.04,39.36,4.8 95.2,14.4,4.8 76.32,48.48,4.8 4.8,24.48,4.8 67.2,87.36,4.8 84.48,94.08,4.8 94.08,95.2,4.8 16.8,53.28,4.8 24.48,95.2,4.8 34.08,95.2,4.8 26.4,22.08,4.8 34.08,47.04,4.8 66.72,95.2,4.8 88.32,4.8,4.8 63.36,48.96,4.8 93.84,23.28,6 94,84.24,6 77.52,18,6 79.92,91.92,6 77.52,6,6 6,76.56,6 42.48,13.68,6 21.36,77.52,6 21.36,94,6 37.68,57.84,6 41.04,94,6 91.44,50.64,6 15.6,25.2,6 50.64,79.44,6 6,56.88,6 52.56,23.28,6 13.68,64.08,6 6,6,6 13.68,94,6 90.48,44.88,6 60.24,69.36,6 6,94,6 6,44.88,6 44.88,48.72,6 81.84,30,6 25.68,57.84,6 85.2,94,6 42.96,85.68,6 
fitness 0.00248744
