100
100
101
3
22 32 47 
6 4.8 3.84 
0.7
50
15.7204,3.84,3.84 23.404,3.84,3.84 43.3322,3.84,3.84 60.4879,3.84,3.84 68.1934,3.87525,3.84 96.1563,3.84943,3.84 27.1506,17.1721,3.84 34.4356,15.8223,3.84 22.629,23.3721,3.84 30.7309,23.973,3.84 84.2789,23.518,3.84 5.35942,70.0466,3.84 11.4575,33.2627,3.84 38.3165,33.1344,3.84 46.1673,33.9214,3.84 53.8077,33.12,3.84 86.0232,36.6926,3.84 93.9573,39.0587,3.84 16.1186,41.1927,3.84 23.7598,39.4054,3.84 42.7298,40.8,3.84 71.854,43.9079,3.84 79.4531,42.8028,3.84 94.1013,48.7162,3.84 12.977,48.3806,3.84 24.0023,47.0868,3.84 41.1903,48.3264,3.84 48.2767,54.8722,3.84 75.5062,50.6067,3.84 4.07992,62.4155,3.84 12.0027,56.118,3.84 19.1095,53.0096,3.84 27.9732,62.4,3.84 53.8394,61.7307,3.84 88.3444,69.0187,3.84 96.1132,69.631,3.84 22.7819,67.9978,3.84 11.7165,63.9302,3.84 57.7866,67.6841,3.84 30.5502,84.7008,3.84 62.9324,91.7728,3.84 24.5453,75.8259,3.84 71.9701,81.7264,3.84 81.2103,78.3641,3.84 85.2948,86.3253,3.84 95.4448,89.8492,3.84 16.2783,83.5253,3.84 93.3938,61.2462,4.8 62.4031,31.8676,4.8 14.1677,25.0632,4.8 78.393,4.80152,4.8 24.273,12.4255,4.8 35.8516,61.2393,4.8 45.2909,62.9822,4.8 75.5206,23.2486,4.8 64.8942,62.7793,4.8 73.7511,59.0656,4.8 79.2165,94.2993,4.8 51.9166,4.94951,4.8 64.027,41.3206,4.8 91.2505,28.846,4.8 42.3709,12.4261,4.8 19.6026,60.2303,4.8 41.0694,69.3767,4.8 51.712,14.5519,4.8 67.5435,72.357,4.8 80.2092,66.1611,4.8 5.08872,78.6897,4.8 31.5471,70.6859,4.8 4.80443,52.1512,4.8 20.0906,32.6168,4.8 29.6928,32.618,4.8 29.8348,53.6126,4.8 61.0353,12.2719,4.8 82.4575,14.9448,4.8 54.9601,53.3732,4.8 4.98946,21.7409,4.8 24.5053,91.1261,4.8 34.2817,94.9246,4.8 39.2577,80.0236,6 53.3165,42.6985,6 50.9638,74.9507,6 52.4474,25.3203,6 64.4698,22.5326,6 33.6868,6.00638,6 91.4026,78.4113,6 92.8206,18.0684,6 14.8248,73.7908,6 41.0749,51.7834,6 73.2018,34.1448,6 45.4126,91.1819,6 6.02663,6.03102,6 13.8223,15.1609,6 6.00651,41.4242,6 89.08,6.40364,6 71.8068,13.0421,6 32.9374,42.9595,6 6,89.501,6 65.6592,51.9921,6 40.5737,23.5173,6 84.7309,54.268,6 
fitness 0.031
15.7202,3.84,3.84 23.4035,3.84,3.84 43.331,3.84,3.84 60.4996,3.84,3.84 68.201,3.87529,3.84 96.1559,3.84932,3.84 27.1501,17.1672,3.84 34.4365,15.8224,3.84 22.6291,23.37,3.84 30.7279,23.9621,3.84 84.2919,23.5182,3.84 5.29619,70.0458,3.84 11.4536,33.2588,3.84 38.3267,33.1222,3.84 46.1682,33.923,3.84 53.806,33.12,3.84 86.1267,36.3379,3.84 93.9537,39.0322,3.84 16.1185,41.2295,3.84 23.7634,39.4048,3.84 42.7117,40.8,3.84 71.852,43.8764,3.84 79.4535,42.8017,3.84 93.824,48.7191,3.84 12.9751,48.3824,3.84 24.0015,47.089,3.84 41.1904,48.3243,3.84 48.2747,54.8723,3.84 75.5061,50.6115,3.84 4.07982,62.448,3.84 12.0028,56.1408,3.84 19.1022,53.0123,3.84 27.9756,62.4,3.84 53.8395,61.7405,3.84 88.3443,69.0185,3.84 96.1133,69.641,3.84 22.782,67.9978,3.84 11.7386,63.9181,3.84 57.7857,67.6846,3.84 30.5502,84.729,3.84 61.922,92.2722,3.84 24.5443,75.8091,3.84 70.4311,84.5754,3.84 81.333,78.2594,3.84 85.3565,86.3037,3.84 95.4752,89.8671,3.84 16.2899,83.5257,3.84 93.3876,61.2491,4.8 62.4064,31.8697,4.8 14.1677,25.0614,4.8 78.3927,4.80169,4.8 24.2742,12.4254,4.8 35.8534,61.2407,4.8 45.291,62.9818,4.8 75.4974,23.2719,4.8 64.8954,62.7774,4.8 73.751,59.0656,4.8 79.1796,94.3361,4.8 51.9126,4.95081,4.8 64.028,41.3222,4.8 91.8995,28.847,4.8 42.3708,12.4259,4.8 19.6133,60.2308,4.8 41.0823,69.3766,4.8 51.7114,14.552,4.8 67.5434,72.6882,4.8 80.2153,66.1616,4.8 4.98893,78.6913,4.8 31.5556,70.6271,4.8 4.80448,52.1516,4.8 20.0883,32.6157,4.8 29.6928,32.5915,4.8 29.828,53.6127,4.8 61.0352,12.2718,4.8 82.4525,14.9483,4.8 54.9439,53.3726,4.8 4.91227,21.816,4.8 24.5262,91.3014,4.8 34.399,94.2044,4.8 39.2487,80.0299,6 53.3165,42.6985,6 50.9756,74.9471,6 52.451,25.3193,6 64.4698,22.5328,6 33.6449,6.00676,6 91.4044,78.424,6 92.8231,18.0507,6 14.8248,73.7909,6 41.0714,51.7855,6 73.2074,34.136,6 45.1744,91.2749,6 6.02813,6.0352,6 13.8221,15.1602,6 6.004,41.4235,6 89.0801,6.39483,6 71.8072,13.0419,6 32.9387,42.9598,6 6,89.4641,6 65.6514,51.9921,6 40.5748,23.5174,6 84.6857,54.2983,6 
fitness 0.0309988
15.6428,3.84,3.84 23.4034,3.84,3.84 43.3303,3.84,3.84 60.4884,3.84,3.84 68.1886,3.87393,3.84 96.1566,3.84958,3.84 27.1504,17.1646,3.84 34.4373,15.8224,3.84 22.6287,23.3698,3.84 30.7304,23.9738,3.84 84.2806,23.5185,3.84 5.3684,70.0475,3.84 11.4536,33.2648,3.84 38.323,33.1181,3.84 46.1674,33.923,3.84 53.8065,33.12,3.84 86.0007,36.7969,3.84 93.9537,40.1867,3.84 16.1214,41.2269,3.84 23.7606,39.4053,3.84 42.7325,40.8,3.84 71.8453,43.916,3.84 79.4511,42.8046,3.84 93.8518,48.7205,3.84 12.9657,48.3784,3.84 24.0016,47.0831,3.84 41.1946,48.3259,3.84 48.2762,54.8723,3.84 75.5061,50.6099,3.84 4.07982,62.1376,3.84 12.0029,56.189,3.84 19.1072,53.0102,3.84 27.9792,62.4,3.84 53.8397,61.7426,3.84 88.3443,69.0186,3.84 96.0559,69.6394,3.84 22.7824,67.9978,3.84 11.7246,63.9031,3.84 57.7862,67.6844,3.84 30.5502,84.7153,3.84 62.0475,91.3269,3.84 24.5471,75.8325,3.84 69.5914,83.3363,3.84 81.4426,78.3988,3.84 85.3255,86.3066,3.84 95.4646,89.8471,3.84 16.2798,83.5259,3.84 93.3903,61.2548,4.8 62.4054,31.8677,4.8 14.1683,25.062,4.8 78.3926,4.8021,4.8 24.2716,12.4331,4.8 35.8534,61.2406,4.8 45.2911,62.9775,4.8 75.4838,23.2165,4.8 64.897,62.7789,4.8 73.751,59.0655,4.8 79.2239,94.3533,4.8 51.9141,4.95041,4.8 64.0258,41.3178,4.8 91.6762,28.8458,4.8 42.3708,12.4256,4.8 19.6149,60.241,4.8 41.073,69.3767,4.8 51.7118,14.5519,4.8 67.5439,72.4957,4.8 80.2162,66.1607,4.8 5.0274,78.6922,4.8 31.5518,70.6331,4.8 4.804,52.1528,4.8 20.091,32.6151,4.8 29.6926,32.6253,4.8 29.8315,53.6091,4.8 61.0353,12.272,4.8 82.4627,14.9542,4.8 54.9452,53.3733,4.8 4.91736,21.6547,4.8 24.5017,91.3928,4.8 34.2532,94.7056,4.8 39.2531,80.0238,6 53.3165,42.6987,6 50.951,74.9456,6 52.4512,25.3189,6 64.4695,22.5316,6 33.6872,6.00521,6 91.4026,78.401,6 92.8256,18.0499,6 14.8248,73.7907,6 41.0716,51.7816,6 73.2053,34.1692,6 45.0857,91.3767,6 6.02881,6.03355,6 13.8231,15.1612,6 6.0042,41.4239,6 89.0799,6.39166,6 71.8075,13.0415,6 32.9369,42.9586,6 6,89.4744,6 65.6554,51.991,6 40.5724,23.5164,6 84.7017,54.3191,6 
fitness 0.0309972
15.717,3.84,3.84 23.4038,3.84,3.84 43.3324,3.84,3.84 60.4876,3.84,3.84 68.191,3.8747,3.84 96.1568,3.84955,3.84 27.1504,17.1647,3.84 34.4259,15.8225,3.84 22.6287,23.3699,3.84 30.7306,23.9705,3.84 84.3196,23.5181,3.84 5.30273,70.0484,3.84 11.4532,33.2645,3.84 38.3197,33.1379,3.84 46.1654,33.923,3.84 53.8061,33.12,3.84 85.9339,36.971,3.84 93.9491,38.9347,3.84 16.1189,41.2152,3.84 23.7586,39.4052,3.84 42.7337,40.8,3.84 71.8517,43.9007,3.84 79.453,42.802,3.84 94.4199,48.7202,3.84 12.9759,48.3804,3.84 24.0024,47.0847,3.84 41.1829,48.3273,3.84 48.2755,54.8722,3.84 75.5061,50.6071,3.84 4.08049,62.3532,3.84 12.0028,56.179,3.84 19.1085,53.0092,3.84 27.9715,62.4,3.84 53.8396,61.7262,3.84 88.3446,69.0186,3.84 96.1218,69.6262,3.84 22.7815,67.9977,3.84 11.7596,63.8717,3.84 57.7871,67.6853,3.84 30.5503,84.7003,3.84 62.6788,91.8343,3.84 24.5423,75.9191,3.84 71.9119,83.7635,3.84 81.5315,78.3468,3.84 85.3331,86.3119,3.84 95.4419,89.7467,3.84 16.2796,83.5251,3.84 93.3905,61.2528,4.8 62.4037,31.8645,4.8 14.1679,25.0615,4.8 78.3927,4.80153,4.8 24.275,12.4252,4.8 35.8513,61.2426,4.8 45.291,62.987,4.8 75.5222,23.2015,4.8 64.8951,62.7756,4.8 73.7579,59.0656,4.8 79.2069,94.3168,4.8 51.9131,4.95084,4.8 64.0288,41.3189,4.8 91.2506,28.8455,4.8 42.3702,12.4259,4.8 19.607,60.2297,4.8 41.0741,69.3769,4.8 51.7118,14.5519,4.8 67.5439,72.4358,4.8 80.2152,66.1617,4.8 5.06058,78.6929,4.8 31.5444,70.6848,4.8 4.80438,52.1535,4.8 20.0926,32.6157,4.8 29.6927,32.624,4.8 29.8342,53.6087,4.8 61.0354,12.2719,4.8 82.4564,14.946,4.8 54.947,53.3673,4.8 4.91625,21.8864,4.8 24.5093,91.1077,4.8 34.2782,93.9012,4.8 39.2454,80.0234,6 53.3165,42.6988,6 50.9593,74.9298,6 52.4502,25.3187,6 64.4696,22.5298,6 33.6406,6.00667,6 91.4022,78.41,6 92.8209,18.0771,6 14.8248,73.7916,6 41.0723,51.7829,6 73.2051,34.1513,6 45.0612,91.1143,6 6.02726,6.03273,6 13.8229,15.161,6 6.00835,41.424,6 89.0802,6.4022,6 71.8067,13.0417,6 32.9375,42.9593,6 6,89.4935,6 65.6544,51.9921,6 40.5756,23.5184,6 84.7255,54.3303,6 
fitness 0.030996
15.7094,3.84,3.84 23.4053,3.84,3.84 43.3319,3.84,3.84 60.4944,3.84,3.84 68.1822,3.87515,3.84 96.1575,3.84916,3.84 27.1505,17.1656,3.84 34.4353,15.8223,3.84 22.6291,23.3704,3.84 30.7295,23.9697,3.84 84.2991,23.5178,3.84 5.38572,70.0462,3.84 11.4539,33.2627,3.84 38.3215,33.1475,3.84 46.1682,33.923,3.84 53.8054,33.12,3.84 86.1331,36.5172,3.84 93.951,38.7972,3.84 16.1188,41.1796,3.84 23.7611,39.4051,3.84 42.7338,40.8,3.84 71.8513,43.9038,3.84 79.466,42.8036,3.84 93.8516,48.7202,3.84 12.977,48.3797,3.84 24.0013,47.0861,3.84 41.1951,48.3246,3.84 48.2768,54.8723,3.84 75.5061,50.61,3.84 4.07985,62.4023,3.84 12.0027,56.2016,3.84 19.1034,53.0109,3.84 27.9773,62.4,3.84 53.8394,61.7262,3.84 88.3445,69.0185,3.84 96.1204,69.6616,3.84 22.7819,67.9978,3.84 11.7429,63.8882,3.84 57.7884,67.6856,3.84 30.5502,84.7142,3.84 62.1343,93.5833,3.84 24.5436,75.8008,3.84 68.5576,82.1593,3.84 81.4768,78.3783,3.84 85.3187,86.2937,3.84 95.417,89.7454,3.84 16.3014,83.5254,3.84 93.3964,61.2473,4.8 62.3995,31.8655,4.8 14.1685,25.065,4.8 78.3927,4.80176,4.8 24.2771,12.429,4.8 35.8529,61.2405,4.8 45.2911,62.9791,4.8 75.5299,23.3197,4.8 64.8968,62.779,4.8 73.7495,59.0698,4.8 79.219,94.3044,4.8 51.9124,4.95087,4.8 64.0293,41.3252,4.8 91.6715,28.8478,4.8 42.3709,12.4261,4.8 19.6089,60.2326,4.8 41.0666,69.3765,4.8 51.7116,14.5519,4.8 67.543,72.4524,4.8 80.2176,66.1611,4.8 4.99233,78.6913,4.8 31.5492,70.638,4.8 4.80455,52.1517,4.8 20.0888,32.6166,4.8 29.6926,32.6304,4.8 29.8342,53.6132,4.8 61.0354,12.2717,4.8 82.4537,14.9566,4.8 54.9485,53.3726,4.8 4.89311,21.6308,4.8 24.5369,91.2457,4.8 34.3866,93.9408,4.8 39.2635,80.0262,6 53.3166,42.6983,6 50.9405,74.943,6 52.4517,25.3208,6 64.4696,22.5325,6 33.6699,6.00536,6 91.4037,78.416,6 92.8247,18.0267,6 14.8248,73.7906,6 41.0721,51.7855,6 73.2059,34.1751,6 45.0184,91.3036,6 6.02861,6.03547,6 13.8219,15.1598,6 6.00157,41.4238,6 89.0799,6.39489,6 71.807,13.0417,6 32.939,42.9626,6 6,89.4985,6 65.6519,51.9926,6 40.5751,23.5177,6 84.6974,54.2907,6 
fitness 0.0309954
15.6936,3.84,3.84 23.4051,3.84,3.84 43.3318,3.84,3.84 60.4954,3.84,3.84 68.1833,3.8747,3.84 96.1565,3.84944,3.84 27.1511,17.1633,3.84 34.4357,15.8223,3.84 22.6286,23.3719,3.84 30.7304,23.9713,3.84 84.3189,23.5186,3.84 5.38782,70.0469,3.84 11.4534,33.2586,3.84 38.3177,33.1235,3.84 46.169,33.9243,3.84 53.8062,33.12,3.84 85.9571,37.0182,3.84 93.9767,39.4778,3.84 16.1194,41.2222,3.84 23.7607,39.4049,3.84 42.7274,40.8,3.84 71.8554,43.879,3.84 79.4549,42.7635,3.84 93.7534,48.7206,3.84 12.97,48.379,3.84 24.0022,47.0846,3.84 41.1932,48.3276,3.84 48.2758,54.8722,3.84 75.5062,50.6167,3.84 4.07977,62.2408,3.84 12.0028,56.1462,3.84 19.0971,53.0096,3.84 27.9796,62.4,3.84 53.8396,61.7478,3.84 88.3446,69.0186,3.84 96.142,69.6284,3.84 22.782,67.9978,3.84 11.7558,63.9058,3.84 57.7867,67.6839,3.84 30.5502,84.7206,3.84 62.1049,93.0883,3.84 24.5476,75.8156,3.84 69.5641,82.6955,3.84 81.5191,78.2771,3.84 85.3169,86.2952,3.84 95.4228,89.8238,3.84 16.2804,83.5255,3.84 93.3903,61.2574,4.8 62.4051,31.8565,4.8 14.1676,25.0616,4.8 78.3927,4.80138,4.8 24.2753,12.4308,4.8 35.8532,61.2413,4.8 45.2911,62.9804,4.8 75.413,23.217,4.8 64.8971,62.779,4.8 73.7545,59.065,4.8 79.2156,94.2984,4.8 51.9082,4.95135,4.8 64.0256,41.3205,4.8 91.481,28.8462,4.8 42.3713,12.426,4.8 19.6151,60.2272,4.8 41.0758,69.3764,4.8 51.7118,14.5519,4.8 67.5404,72.5209,4.8 80.2118,66.16,4.8 4.98848,78.6916,4.8 31.5587,70.6333,4.8 4.80428,52.1535,4.8 20.0914,32.615,4.8 29.6928,32.622,4.8 29.8287,53.6162,4.8 61.0353,12.272,4.8 82.4594,14.9557,4.8 54.9452,53.374,4.8 4.89635,21.6925,4.8 24.5312,91.2633,4.8 34.2514,94.6623,4.8 39.2512,80.0263,6 53.3165,42.6987,6 50.97,74.9329,6 52.4494,25.3237,6 64.4695,22.5332,6 33.6772,6.00576,6 91.4028,78.3968,6 92.827,18.0463,6 14.8248,73.7909,6 41.0726,51.7866,6 73.2063,34.1435,6 44.7633,91.2646,6 6.02864,6.03467,6 13.8241,15.161,6 6.00479,41.424,6 89.08,6.39019,6 71.8072,13.0416,6 32.9367,42.9642,6 6,89.486,6 65.6496,51.9929,6 40.5744,23.5159,6 84.725,54.2797,6 
fitness 0.0309949
15.702,3.84,3.84 23.4038,3.84,3.84 43.3317,3.84,3.84 60.4978,3.84,3.84 68.1888,3.87509,3.84 96.1551,3.84932,3.84 27.1503,17.1652,3.84 34.4399,15.8221,3.84 22.6286,23.3737,3.84 30.7315,23.9749,3.84 84.2981,23.5181,3.84 5.43404,70.0453,3.84 11.4544,33.2619,3.84 38.3178,33.1478,3.84 46.1678,33.9235,3.84 53.8068,33.12,3.84 86.2468,36.9565,3.84 93.9676,39.6358,3.84 16.1196,41.2353,3.84 23.761,39.4054,3.84 42.7167,40.8,3.84 71.8489,43.9143,3.84 79.4482,42.8031,3.84 94.9595,48.7188,3.84 12.9825,48.3814,3.84 24.0014,47.0839,3.84 41.1889,48.3258,3.84 48.2786,54.8723,3.84 75.5065,50.6082,3.84 4.07979,62.4151,3.84 12.0028,56.1313,3.84 19.1114,53.009,3.84 27.9712,62.4,3.84 53.8397,61.7539,3.84 88.3445,69.0185,3.84 96.1082,69.6557,3.84 22.7817,67.9977,3.84 11.716,63.8571,3.84 57.7848,67.6848,3.84 30.5502,84.7234,3.84 62.3682,91.5402,3.84 24.5443,75.8477,3.84 70.1703,83.4291,3.84 81.4152,78.351,3.84 85.3429,86.2853,3.84 95.4462,89.7744,3.84 16.2826,83.5254,3.84 93.4008,61.2444,4.8 62.4041,31.8705,4.8 14.1671,25.0618,4.8 78.3928,4.80185,4.8 24.2718,12.4251,4.8 35.8528,61.2406,4.8 45.2912,62.9806,4.8 75.5314,23.267,4.8 64.8961,62.7799,4.8 73.7485,59.0671,4.8 79.2197,94.3876,4.8 51.9147,4.94993,4.8 64.0269,41.3182,4.8 91.586,28.8463,4.8 42.3711,12.426,4.8 19.6082,60.2324,4.8 41.0642,69.3767,4.8 51.7114,14.552,4.8 67.5438,72.9337,4.8 80.2152,66.1615,4.8 4.95325,78.6899,4.8 31.5537,70.6592,4.8 4.8043,52.1527,4.8 20.0912,32.6176,4.8 29.6929,32.626,4.8 29.8371,53.6117,4.8 61.0354,12.2716,4.8 82.4576,14.9455,4.8 54.9457,53.374,4.8 4.83424,21.8559,4.8 24.5169,91.3278,4.8 34.2521,94.5766,4.8 39.2608,80.0223,6 53.3164,42.6983,6 50.962,74.9556,6 52.4501,25.3179,6 64.4694,22.531,6 33.6791,6.00538,6 91.3969,78.4112,6 92.819,18.0544,6 14.8248,73.7916,6 41.0729,51.7868,6 73.2054,34.1714,6 45.045,91.1575,6 6.0286,6.03613,6 13.8231,15.1611,6 6.00171,41.4237,6 89.08,6.39334,6 71.8072,13.0417,6 32.9383,42.9616,6 6,89.4573,6 65.6549,51.9916,6 40.5736,23.5177,6 84.7062,54.3045,6 
fitness 0.0309941
15.7,3.84,3.84 23.4055,3.84,3.84 43.3317,3.84,3.84 60.4889,3.84,3.84 68.1833,3.87508,3.84 96.1571,3.84965,3.84 27.1505,17.1602,3.84 34.4358,15.8223,3.84 22.6288,23.3713,3.84 30.7296,23.9684,3.84 84.3273,23.518,3.84 5.42623,70.0464,3.84 11.4598,33.2608,3.84 38.3225,33.1538,3.84 46.1676,33.9234,3.84 53.808,33.12,3.84 85.984,36.5476,3.84 93.9514,38.555,3.84 16.1175,41.1819,3.84 23.7613,39.4046,3.84 42.7269,40.8,3.84 71.8485,43.9143,3.84 79.4621,42.7983,3.84 93.4834,48.7198,3.84 12.9737,48.3786,3.84 24.0014,47.0882,3.84 41.1955,48.3267,3.84 48.2736,54.8723,3.84 75.5061,50.6091,3.84 4.07987,62.4392,3.84 12.0028,56.1909,3.84 19.1061,53.0111,3.84 27.9697,62.4,3.84 53.8394,61.7279,3.84 88.3445,69.0185,3.84 96.1204,69.6552,3.84 22.7829,67.9978,3.84 11.7324,63.896,3.84 57.7898,67.6882,3.84 30.5502,84.7135,3.84 62.7398,91.4142,3.84 24.5459,75.778,3.84 70.3407,82.5666,3.84 81.3948,78.3606,3.84 85.316,86.2944,3.84 95.505,89.7843,3.84 16.2798,83.5255,3.84 93.3949,61.2526,4.8 62.401,31.8701,4.8 14.1686,25.0641,4.8 78.3927,4.80194,4.8 24.282,12.4283,4.8 35.8528,61.2394,4.8 45.2912,62.9795,4.8 75.494,23.3165,4.8 64.8963,62.7773,4.8 73.7504,59.0707,4.8 79.2062,94.2723,4.8 51.9109,4.9519,4.8 64.0291,41.3249,4.8 91.56,28.8479,4.8 42.3711,12.4261,4.8 19.6071,60.2307,4.8 41.0684,69.3765,4.8 51.7121,14.5518,4.8 67.5428,72.5495,4.8 80.2169,66.1604,4.8 4.99316,78.6907,4.8 31.5507,70.6722,4.8 4.80457,52.1517,4.8 20.0889,32.6162,4.8 29.6925,32.6205,4.8 29.8272,53.6127,4.8 61.0353,12.2718,4.8 82.4561,14.964,4.8 54.9612,53.3724,4.8 4.88969,21.4741,4.8 24.4991,91.3298,4.8 34.2425,93.9397,4.8 39.25,80.0245,6 53.3166,42.6983,6 50.9475,74.9469,6 52.4525,25.3201,6 64.4692,22.531,6 33.65,6.00578,6 91.4037,78.3929,6 92.8245,18.0293,6 14.8248,73.7909,6 41.0729,51.7873,6 73.2075,34.1727,6 45.0027,91.3022,6 6.02893,6.03018,6 13.8215,15.1609,6 6.00147,41.4237,6 89.0799,6.3982,6 71.8068,13.0416,6 32.9394,42.9589,6 6,89.5033,6 65.6562,51.9932,6 40.5744,23.5175,6 84.718,54.2911,6 
fitness 0.0309936
15.7157,3.84,3.84 23.4048,3.84,3.84 43.3325,3.84,3.84 60.4924,3.84,3.84 68.1895,3.87505,3.84 96.1547,3.84957,3.84 27.1508,17.1707,3.84 34.4408,15.8223,3.84 22.6291,23.3707,3.84 30.7307,23.9745,3.84 84.3,23.5183,3.84 5.28254,70.0472,3.84 11.4535,33.2615,3.84 38.3161,33.1093,3.84 46.1673,33.9231,3.84 53.8065,33.12,3.84 86.0986,36.6148,3.84 93.951,39.3884,3.84 16.1189,41.2294,3.84 23.758,39.405,3.84 42.7272,40.8,3.84 71.848,43.9033,3.84 79.4554,42.7526,3.84 93.2537,48.7183,3.84 12.9727,48.3817,3.84 24.0014,47.0863,3.84 41.1926,48.3255,3.84 48.2771,54.8722,3.84 75.5061,50.6102,3.84 4.0805,62.4398,3.84 12.0028,56.1521,3.84 19.1099,53.0118,3.84 27.9744,62.4,3.84 53.8395,61.7264,3.84 88.3443,69.0189,3.84 96.1263,69.6354,3.84 22.7819,67.9977,3.84 11.7478,63.8983,3.84 57.7859,67.6845,3.84 30.5502,84.7319,3.84 62.0458,90.3367,3.84 24.5467,75.8336,3.84 71.9121,82.8581,3.84 81.4058,78.3676,3.84 85.3542,86.3066,3.84 95.4593,89.8675,3.84 16.2789,83.5256,3.84 93.4008,61.2487,4.8 62.4066,31.8643,4.8 14.1685,25.0629,4.8 78.3927,4.80205,4.8 24.2784,12.4245,4.8 35.8525,61.2392,4.8 45.291,62.9811,4.8 75.5042,23.2027,4.8 64.8963,62.7784,4.8 73.7547,59.0653,4.8 79.2004,94.3333,4.8 51.9107,4.9498,4.8 64.0285,41.3212,4.8 91.3052,28.847,4.8 42.3703,12.4258,4.8 19.6047,60.2335,4.8 41.0715,69.3765,4.8 51.7112,14.5518,4.8 67.5388,72.6759,4.8 80.2184,66.1615,4.8 4.97685,78.692,4.8 31.544,70.6367,4.8 4.80444,52.1522,4.8 20.0901,32.6146,4.8 29.6927,32.5916,4.8 29.8323,53.6125,4.8 61.0353,12.2719,4.8 82.4498,14.9466,4.8 54.9627,53.3739,4.8 4.88155,21.8152,4.8 24.5117,91.0871,4.8 34.4261,94.4882,4.8 39.2557,80.0261,6 53.3165,42.6989,6 50.9664,74.9565,6 52.4544,25.3182,6 64.4698,22.5317,6 33.664,6.00396,6 91.4035,78.4257,6 92.8278,18.0991,6 14.8248,73.7913,6 41.0718,51.7856,6 73.2074,34.1292,6 45.4989,91.1056,6 6.02851,6.03414,6 13.8224,15.1601,6 6.00505,41.4236,6 89.0801,6.39761,6 71.8064,13.0409,6 32.9367,42.9612,6 6,89.49,6 65.6513,51.9931,6 40.5762,23.5177,6 84.6844,54.2724,6 
fitness 0.0309923
15.7081,3.84,3.84 23.4043,3.84,3.84 43.3309,3.84,3.84 60.4929,3.84,3.84 68.1855,3.87505,3.84 96.1555,3.84947,3.84 27.1502,17.169,3.84 34.4364,15.8224,3.84 22.6291,23.3699,3.84 30.7306,23.9733,3.84 84.2915,23.5187,3.84 5.29724,70.0459,3.84 11.454,33.2587,3.84 38.3262,33.1073,3.84 46.1681,33.9229,3.84 53.8063,33.12,3.84 86.0594,36.4108,3.84 93.9511,39.0271,3.84 16.1187,41.23,3.84 23.7626,39.4049,3.84 42.7111,40.8,3.84 71.849,43.8891,3.84 79.4523,42.8038,3.84 93.7096,48.7202,3.84 12.975,48.3813,3.84 24.0017,47.0883,3.84 41.1906,48.3242,3.84 48.2766,54.8723,3.84 75.5061,50.6103,3.84 4.07982,62.4262,3.84 12.0028,56.1408,3.84 19.0969,53.0117,3.84 27.9771,62.4,3.84 53.8395,61.7321,3.84 88.3444,69.0188,3.84 96.1129,69.6418,3.84 22.782,67.9978,3.84 11.7402,63.9205,3.84 57.7857,67.6852,3.84 30.5502,84.7308,3.84 62.2325,91.5816,3.84 24.5443,75.8065,3.84 72.3625,82.4874,3.84 81.5448,78.2927,3.84 85.3551,86.292,3.84 95.4478,89.8654,3.84 16.298,83.5256,3.84 93.3874,61.2597,4.8 62.4065,31.8702,4.8 14.1684,25.0614,4.8 78.3927,4.80244,4.8 24.2744,12.4259,4.8 35.854,61.241,4.8 45.291,62.9819,4.8 75.4933,23.2971,4.8 64.8965,62.7768,4.8 73.7498,59.0657,4.8 79.1778,94.3343,4.8 51.9012,4.95066,4.8 64.0256,41.3216,4.8 91.8894,28.8474,4.8 42.3709,12.4265,4.8 19.6086,60.2308,4.8 41.0831,69.3766,4.8 51.7117,14.552,4.8 67.5427,72.6205,4.8 80.2151,66.1616,4.8 4.97624,78.6913,4.8 31.5395,70.6273,4.8 4.80429,52.1522,4.8 20.0937,32.6147,4.8 29.6928,32.5996,4.8 29.8321,53.613,4.8 61.0351,12.2718,4.8 82.451,14.9517,4.8 54.9493,53.3727,4.8 4.91277,21.8101,4.8 24.5156,91.326,4.8 34.3961,94.223,4.8 39.2523,80.0265,6 53.3165,42.6984,6 50.9714,74.9416,6 52.4496,25.3184,6 64.4698,22.5329,6 33.6308,6.00602,6 91.4042,78.4211,6 92.8214,18.0574,6 14.8248,73.7906,6 41.0714,51.7846,6 73.2076,34.139,6 45.1704,91.2652,6 6.02883,6.03459,6 13.8223,15.1601,6 6.00457,41.4236,6 89.08,6.39061,6 71.8072,13.042,6 32.9386,42.9605,6 6,89.5124,6 65.6523,51.9934,6 40.5748,23.5179,6 84.691,54.3057,6 
fitness 0.0309918
15.6434,3.84,3.84 23.4013,3.84,3.84 43.331,3.84,3.84 60.492,3.84,3.84 68.1881,3.87388,3.84 96.1569,3.84957,3.84 27.1508,17.1644,3.84 34.4358,15.8224,3.84 22.6289,23.3715,3.84 30.7294,23.9733,3.84 84.3452,23.518,3.84 5.33973,70.0469,3.84 11.4526,33.2588,3.84 38.3242,33.1195,3.84 46.1673,33.923,3.84 53.8103,33.12,3.84 86.0605,36.737,3.84 93.9556,39.0812,3.84 16.1199,41.2091,3.84 23.7602,39.4053,3.84 42.7291,40.8,3.84 71.8466,43.9126,3.84 79.4531,42.8,3.84 94.0703,48.7204,3.84 12.9656,48.3804,3.84 24.0023,47.0839,3.84 41.1981,48.3264,3.84 48.2736,54.8722,3.84 75.5061,50.61,3.84 4.08006,62.0884,3.84 12.0029,56.1808,3.84 19.1099,53.0102,3.84 27.9819,62.4,3.84 53.8394,61.7125,3.84 88.3444,69.0185,3.84 96.0809,69.6072,3.84 22.7825,67.9978,3.84 11.7288,63.8885,3.84 57.7866,67.6845,3.84 30.5502,84.7264,3.84 61.9281,92.0931,3.84 24.5472,75.8319,3.84 69.5212,81.6315,3.84 81.4083,78.399,3.84 85.3261,86.3099,3.84 95.522,89.6836,3.84 16.2826,83.5258,3.84 93.3895,61.2495,4.8 62.4069,31.8684,4.8 14.1684,25.0627,4.8 78.3926,4.80206,4.8 24.2729,12.4248,4.8 35.8532,61.2403,4.8 45.2911,62.9787,4.8 75.502,23.2797,4.8 64.8969,62.7791,4.8 73.7503,59.0652,4.8 79.221,94.5867,4.8 51.9137,4.94939,4.8 64.0276,41.3176,4.8 91.5479,28.8449,4.8 42.3713,12.4255,4.8 19.6178,60.2344,4.8 41.0704,69.3766,4.8 51.712,14.5519,4.8 67.5439,72.4723,4.8 80.2163,66.1607,4.8 4.9472,78.6913,4.8 31.552,70.6773,4.8 4.80453,52.1529,4.8 20.091,32.6157,4.8 29.6926,32.6183,4.8 29.8276,53.6083,4.8 61.0353,12.2719,4.8 82.4562,14.9562,4.8 54.9468,53.3724,4.8 4.91843,21.6902,4.8 24.5061,91.4567,4.8 34.2699,94.6242,4.8 39.2478,80.0245,6 53.3165,42.6989,6 50.9514,74.9261,6 52.459,25.3192,6 64.4695,22.5302,6 33.6583,6.00592,6 91.4021,78.3848,6 92.8261,18.0631,6 14.8248,73.791,6 41.0729,51.7786,6 73.2034,34.1704,6 45.0614,91.3337,6 6.02897,6.03473,6 13.8237,15.1614,6 6.00128,41.4238,6 89.0799,6.39169,6 71.8074,13.0414,6 32.9371,42.9603,6 6,89.4639,6 65.6554,51.9915,6 40.5714,23.5151,6 84.7242,54.2941,6 
fitness 0.0309905
15.7088,3.84,3.84 23.4026,3.84,3.84 43.3336,3.84,3.84 60.4905,3.84,3.84 68.1926,3.87529,3.84 96.1552,3.84909,3.84 27.1501,17.1729,3.84 34.4304,15.8225,3.84 22.6287,23.3713,3.84 30.7315,23.9698,3.84 84.3011,23.5179,3.84 5.29018,70.047,3.84 11.4539,33.2669,3.84 38.3201,33.1202,3.84 46.168,33.9234,3.84 53.8047,33.12,3.84 86.0793,36.6036,3.84 93.9502,39.4942,3.84 16.1201,41.2311,3.84 23.7604,39.4054,3.84 42.7156,40.8,3.84 71.8467,43.9095,3.84 79.4528,42.801,3.84 93.2498,48.7161,3.84 12.9807,48.3766,3.84 24.0009,47.0849,3.84 41.1887,48.3271,3.84 48.2732,54.8722,3.84 75.5061,50.6082,3.84 4.07971,62.405,3.84 12.0027,56.1385,3.84 19.1075,53.0114,3.84 27.9712,62.4,3.84 53.8395,61.7271,3.84 88.3441,69.0186,3.84 96.1193,69.6922,3.84 22.7818,67.9977,3.84 11.7348,63.9318,3.84 57.7866,67.6844,3.84 30.5502,84.6974,3.84 63.3164,91.7678,3.84 24.543,75.7777,3.84 67.9677,82.5511,3.84 81.5408,78.3434,3.84 85.2373,86.3137,3.84 95.4404,89.8023,3.84 16.2847,83.5257,3.84 93.3869,61.2454,4.8 62.4055,31.8589,4.8 14.168,25.0622,4.8 78.3925,4.80205,4.8 24.274,12.4244,4.8 35.8563,61.2393,4.8 45.2911,62.9802,4.8 75.5226,23.2434,4.8 64.8975,62.778,4.8 73.7518,59.0668,4.8 79.1714,94.3735,4.8 51.9023,4.9506,4.8 64.0305,41.3195,4.8 91.3011,28.8468,4.8 42.3711,12.4262,4.8 19.6083,60.2305,4.8 41.0723,69.3768,4.8 51.7117,14.5519,4.8 67.5445,72.4835,4.8 80.2133,66.1611,4.8 5.00995,78.6922,4.8 31.5579,70.6421,4.8 4.80422,52.1524,4.8 20.09,32.6154,4.8 29.6926,32.6263,4.8 29.8341,53.6129,4.8 61.0353,12.2718,4.8 82.4567,14.9473,4.8 54.9439,53.3733,4.8 4.90371,21.838,4.8 24.5376,91.0698,4.8 34.3093,94.4808,4.8 39.2401,80.0231,6 53.3164,42.6985,6 50.9791,74.9581,6 52.4706,25.319,6 64.4699,22.5348,6 33.6338,6.00613,6 91.4017,78.4145,6 92.8093,18.0654,6 14.8248,73.7904,6 41.073,51.7845,6 73.2072,34.1561,6 45.4755,91.2982,6 6.02847,6.03437,6 13.822,15.1603,6 6.00484,41.4235,6 89.0802,6.40648,6 71.8068,13.0416,6 32.9374,42.9598,6 6,89.4828,6 65.6519,51.9919,6 40.5769,23.5186,6 84.7305,54.273,6 
fitness 0.0309893
15.7054,3.84,3.84 23.4032,3.84,3.84 43.3319,3.84,3.84 60.4952,3.84,3.84 68.183,3.87528,3.84 96.1562,3.84935,3.84 27.1508,17.1672,3.84 34.4339,15.8224,3.84 22.6288,23.37,3.84 30.7315,23.9741,3.84 84.292,23.5189,3.84 5.3252,70.0458,3.84 11.4569,33.2608,3.84 38.3253,33.1171,3.84 46.1682,33.9233,3.84 53.8071,33.12,3.84 86.0596,36.8332,3.84 93.9455,38.9093,3.84 16.1187,41.2014,3.84 23.7623,39.4055,3.84 42.7308,40.8,3.84 71.8498,43.9204,3.84 79.4524,42.7936,3.84 93.7398,48.7202,3.84 12.974,48.3782,3.84 24.0011,47.0842,3.84 41.1924,48.3243,3.84 48.2768,54.8723,3.84 75.5063,50.61,3.84 4.07992,62.4094,3.84 12.0028,56.1612,3.84 19.0982,53.0116,3.84 27.9721,62.4,3.84 53.8393,61.7292,3.84 88.3443,69.0188,3.84 96.0795,69.6886,3.84 22.7817,67.9978,3.84 11.7401,63.9424,3.84 57.7903,67.6841,3.84 30.5502,84.7295,3.84 62.1747,91.5462,3.84 24.5435,75.8044,3.84 72.3137,83.2749,3.84 81.4757,78.2683,3.84 85.3482,86.2912,3.84 95.4479,89.8824,3.84 16.2718,83.5256,3.84 93.391,61.2563,4.8 62.407,31.8698,4.8 14.1682,25.0625,4.8 78.3927,4.8021,4.8 24.2738,12.4314,4.8 35.8547,61.2404,4.8 45.2911,62.9817,4.8 75.4909,23.314,4.8 64.8967,62.7763,4.8 73.7498,59.0656,4.8 79.2053,94.2344,4.8 51.9083,4.95041,4.8 64.0266,41.3213,4.8 91.931,28.8472,4.8 42.3709,12.4265,4.8 19.6073,60.2462,4.8 41.0805,69.3766,4.8 51.7117,14.5519,4.8 67.5432,72.557,4.8 80.2145,66.1617,4.8 4.9553,78.6927,4.8 31.5568,70.6618,4.8 4.80422,52.1523,4.8 20.0935,32.6149,4.8 29.6928,32.6119,4.8 29.8306,53.6132,4.8 61.0353,12.2719,4.8 82.4551,14.9542,4.8 54.9517,53.3718,4.8 4.88643,21.8098,4.8 24.5138,91.2478,4.8 34.15,94.3209,4.8 39.2478,80.0275,6 53.3164,42.6989,6 50.9811,74.9446,6 52.4487,25.3186,6 64.4697,22.5321,6 33.6214,6.00622,6 91.4042,78.4016,6 92.8158,18.0453,6 14.8248,73.7908,6 41.072,51.7822,6 73.2075,34.1594,6 45.1363,91.2525,6 6.02762,6.03374,6 13.8222,15.16,6 6.00331,41.4236,6 89.08,6.39147,6 71.807,13.0418,6 32.9383,42.959,6 6,89.5121,6 65.654,51.9934,6 40.5747,23.518,6 84.7211,54.3014,6 
fitness 0.030989
15.7058,3.84,3.84 23.4024,3.84,3.84 43.3334,3.84,3.84 60.4901,3.84,3.84 68.1917,3.87529,3.84 96.1559,3.84951,3.84 27.1506,17.1612,3.84 34.4338,15.8224,3.84 22.6288,23.3696,3.84 30.7306,23.9697,3.84 84.3165,23.5176,3.84 5.3249,70.0459,3.84 11.4531,33.2602,3.84 38.324,33.1025,3.84 46.1682,33.9231,3.84 53.8064,33.12,3.84 86.0528,36.5491,3.84 93.9484,38.8673,3.84 16.1191,41.1999,3.84 23.762,39.4054,3.84 42.7098,40.8,3.84 71.8458,43.9065,3.84 79.4527,42.7939,3.84 95.0654,48.7221,3.84 12.9683,48.3775,3.84 24.0005,47.082,3.84 41.1886,48.3274,3.84 48.2753,54.8723,3.84 75.5061,50.6078,3.84 4.07986,62.3801,3.84 12.0027,56.1431,3.84 19.1056,53.012,3.84 27.9743,62.4,3.84 53.8394,61.7178,3.84 88.3442,69.0187,3.84 96.1001,69.6809,3.84 22.7816,67.9977,3.84 11.7432,63.9406,3.84 57.7867,67.6854,3.84 30.5502,84.7271,3.84 62.2866,91.4488,3.84 24.5444,75.8091,3.84 73.7317,82.0398,3.84 81.4291,78.3372,3.84 85.3192,86.2953,3.84 95.4599,89.822,3.84 16.2604,83.5252,3.84 93.3874,61.2472,4.8 62.4071,31.8699,4.8 14.1681,25.0636,4.8 78.3927,4.80258,4.8 24.273,12.4245,4.8 35.855,61.2388,4.8 45.2912,62.9791,4.8 75.4772,23.2205,4.8 64.8964,62.777,4.8 73.7507,59.0655,4.8 79.1891,94.4211,4.8 51.9021,4.95082,4.8 64.0278,41.3192,4.8 91.4771,28.8473,4.8 42.3709,12.426,4.8 19.6083,60.2311,4.8 41.0795,69.3768,4.8 51.7117,14.5518,4.8 67.5443,72.6198,4.8 80.2148,66.1616,4.8 4.97818,78.6926,4.8 31.5535,70.6307,4.8 4.80381,52.1544,4.8 20.0927,32.6152,4.8 29.6925,32.612,4.8 29.8268,53.6118,4.8 61.0353,12.272,4.8 82.4578,14.9497,4.8 54.9535,53.373,4.8 4.9091,21.8523,4.8 24.5079,91.4094,4.8 34.3102,94.4165,4.8 39.2538,80.0232,6 53.3164,42.6985,6 50.9824,74.9592,6 52.4498,25.3162,6 64.4694,22.5322,6 33.63,6.00581,6 91.4016,78.4028,6 92.817,18.0658,6 14.8248,73.7906,6 41.076,51.7835,6 73.2096,34.1618,6 45.6739,91.0934,6 6.02863,6.03276,6 13.8216,15.1586,6 6.00559,41.4233,6 89.08,6.3912,6 71.807,13.0414,6 32.9371,42.9602,6 6,89.4903,6 65.6545,51.9921,6 40.5741,23.5183,6 84.692,54.2668,6 
fitness 0.0309881
15.7215,3.84,3.84 23.4053,3.84,3.84 43.331,3.84,3.84 60.4951,3.84,3.84 68.1985,3.87535,3.84 96.1564,3.84933,3.84 27.1502,17.1681,3.84 34.4408,15.8224,3.84 22.6291,23.3703,3.84 30.7313,23.9721,3.84 84.2916,23.5182,3.84 5.28984,70.0462,3.84 11.4554,33.2611,3.84 38.312,33.1734,3.84 46.168,33.9224,3.84 53.8067,33.12,3.84 86.1253,37.2746,3.84 93.9699,39.4236,3.84 16.1192,41.1951,3.84 23.758,39.4049,3.84 42.7121,40.8,3.84 71.852,43.8915,3.84 79.4612,42.8021,3.84 94.2208,48.719,3.84 12.98,48.3792,3.84 24.0022,47.0894,3.84 41.1906,48.328,3.84 48.2777,54.8723,3.84 75.5061,50.6063,3.84 4.08003,62.4473,3.84 12.0028,56.1395,3.84 19.1078,53.0112,3.84 27.974,62.4,3.84 53.8395,61.7151,3.84 88.3446,69.0186,3.84 96.1346,69.6317,3.84 22.782,67.9978,3.84 11.743,63.8936,3.84 57.7858,67.6846,3.84 30.5503,84.7254,3.84 61.7413,92.2851,3.84 24.5441,75.8097,3.84 70.4643,84.8861,3.84 81.4581,78.2935,3.84 85.27,86.2891,3.84 95.4508,89.8776,3.84 16.2863,83.5257,3.84 93.3863,61.2487,4.8 62.4067,31.8698,4.8 14.1681,25.0614,4.8 78.3928,4.8017,4.8 24.2729,12.419,4.8 35.8517,61.2452,4.8 45.2909,62.9822,4.8 75.4872,23.2558,4.8 64.8956,62.7785,4.8 73.7511,59.0659,4.8 79.213,94.3966,4.8 51.9126,4.9512,4.8 64.028,41.3214,4.8 91.3071,28.847,4.8 42.3708,12.4259,4.8 19.615,60.2309,4.8 41.0817,69.3766,4.8 51.7115,14.552,4.8 67.5448,72.7729,4.8 80.2144,66.161,4.8 4.98719,78.6913,4.8 31.556,70.6721,4.8 4.80364,52.1514,4.8 20.0899,32.6158,4.8 29.6928,32.605,4.8 29.8215,53.6127,4.8 61.0352,12.2718,4.8 82.4525,14.95,4.8 54.9455,53.3725,4.8 4.89098,21.7823,4.8 24.5288,91.0221,4.8 34.391,94.2064,4.8 39.2513,80.0328,6 53.3166,42.6985,6 50.9624,74.9612,6 52.4528,25.3193,6 64.4693,22.5314,6 33.6415,6.0071,6 91.4029,78.4241,6 92.8231,18.0384,6 14.8248,73.7923,6 41.0722,51.7822,6 73.2081,34.118,6 46.7278,91.3436,6 6.02822,6.03536,6 13.8221,15.1613,6 6.00048,41.4236,6 89.0801,6.39233,6 71.8068,13.0415,6 32.9389,42.9598,6 6,89.4563,6 65.6525,51.992,6 40.5749,23.5179,6 84.7207,54.3066,6 
fitness 0.0309878
15.7082,3.84,3.84 23.4046,3.84,3.84 43.335,3.84,3.84 60.4907,3.84,3.84 68.1835,3.87506,3.84 96.1555,3.84946,3.84 27.1495,17.1765,3.84 34.4373,15.8225,3.84 22.6286,23.3694,3.84 30.727,23.9712,3.84 84.2948,23.5185,3.84 5.29438,70.0466,3.84 11.4546,33.2608,3.84 38.318,33.0957,3.84 46.1682,33.9232,3.84 53.8063,33.12,3.84 86.0343,36.8187,3.84 93.9513,39.2816,3.84 16.1198,41.229,3.84 23.7624,39.4048,3.84 42.7121,40.8,3.84 71.8495,43.8962,3.84 79.4534,42.8016,3.84 93.9523,48.7199,3.84 12.9759,48.3729,3.84 24.0015,47.0882,3.84 41.1918,48.324,3.84 48.2766,54.8723,3.84 75.5061,50.6109,3.84 4.07985,62.4319,3.84 12.0028,56.1458,3.84 19.1053,53.0119,3.84 27.9753,62.4,3.84 53.8395,61.7348,3.84 88.3444,69.0187,3.84 96.1124,69.6691,3.84 22.782,67.9978,3.84 11.7271,63.9244,3.84 57.7858,67.6857,3.84 30.5502,84.7298,3.84 62.3116,91.9705,3.84 24.544,75.8006,3.84 70.9177,82.8608,3.84 81.5443,78.28,3.84 85.2956,86.3168,3.84 95.4546,89.8653,3.84 16.2987,83.5255,3.84 93.3958,61.2387,4.8 62.4058,31.8689,4.8 14.1675,25.0614,4.8 78.3925,4.80219,4.8 24.2741,12.4254,4.8 35.8528,61.2395,4.8 45.2911,62.9826,4.8 75.4814,23.1947,4.8 64.8966,62.7762,4.8 73.754,59.0669,4.8 79.2406,94.351,4.8 51.9034,4.95072,4.8 64.0237,41.3222,4.8 91.6994,28.8473,4.8 42.3712,12.4261,4.8 19.6085,60.231,4.8 41.0822,69.3766,4.8 51.7116,14.552,4.8 67.542,72.6882,4.8 80.2144,66.1616,4.8 4.98317,78.6904,4.8 31.5342,70.629,4.8 4.80426,52.1507,4.8 20.0914,32.6148,4.8 29.693,32.6115,4.8 29.836,53.613,4.8 61.0353,12.2718,4.8 82.4491,14.9475,4.8 54.959,53.3731,4.8 4.88621,21.8409,4.8 24.5264,91.1021,4.8 34.2957,94.4824,4.8 39.253,80.0262,6 53.3165,42.6983,6 50.971,74.9465,6 52.4552,25.3183,6 64.4694,22.5326,6 33.6321,6.0056,6 91.4059,78.4146,6 92.8213,18.0521,6 14.8248,73.7915,6 41.0725,51.7838,6 73.2064,34.1519,6 45.8049,91.2722,6 6.02801,6.03454,6 13.8223,15.1598,6 6.00584,41.4239,6 89.0801,6.38993,6 71.8072,13.0415,6 32.9375,42.9603,6 6,89.5221,6 65.6568,51.9925,6 40.5749,23.5187,6 84.7011,54.2929,6 
fitness 0.0309876
15.7059,3.84,3.84 23.4025,3.84,3.84 43.3326,3.84,3.84 60.4906,3.84,3.84 68.1915,3.87493,3.84 96.1598,3.84932,3.84 27.1506,17.168,3.84 34.4426,15.8225,3.84 22.6287,23.3726,3.84 30.7308,23.967,3.84 84.3263,23.5184,3.84 5.35106,70.0451,3.84 11.4564,33.2764,3.84 38.319,33.151,3.84 46.1681,33.9231,3.84 53.8056,33.12,3.84 86.2661,36.2622,3.84 93.9503,39.09,3.84 16.1187,41.2255,3.84 23.7633,39.4046,3.84 42.7317,40.8,3.84 71.8456,43.9072,3.84 79.4519,42.8045,3.84 94.471,48.7201,3.84 12.9746,48.3774,3.84 24.0018,47.0897,3.84 41.1917,48.3241,3.84 48.2797,54.8722,3.84 75.5061,50.6076,3.84 4.07992,62.3914,3.84 12.0029,56.1511,3.84 19.1057,53.0141,3.84 27.9682,62.4,3.84 53.8396,61.7381,3.84 88.3442,69.0189,3.84 96.1184,69.6721,3.84 22.7819,67.9978,3.84 11.7415,63.8765,3.84 57.784,67.6851,3.84 30.5502,84.7382,3.84 62.2963,90.9016,3.84 24.5433,75.7831,3.84 71.047,82.014,3.84 81.4476,78.4438,3.84 85.3622,86.355,3.84 95.4623,89.8615,3.84 16.2812,83.5255,3.84 93.3928,61.2283,4.8 62.404,31.8783,4.8 14.1678,25.064,4.8 78.3927,4.80223,4.8 24.269,12.4249,4.8 35.8518,61.2406,4.8 45.291,62.9807,4.8 75.4704,23.2553,4.8 64.8964,62.7767,4.8 73.7565,59.0687,4.8 79.2352,94.2517,4.8 51.9067,4.9506,4.8 64.0303,41.3217,4.8 91.772,28.8471,4.8 42.3711,12.4266,4.8 19.608,60.2311,4.8 41.0705,69.3765,4.8 51.7123,14.5518,4.8 67.5465,72.5195,4.8 80.2134,66.1607,4.8 4.97971,78.6895,4.8 31.5481,70.6293,4.8 4.8039,52.1508,4.8 20.0906,32.6156,4.8 29.6925,32.613,4.8 29.8538,53.613,4.8 61.0352,12.272,4.8 82.455,14.9567,4.8 54.9429,53.371,4.8 4.89061,21.8218,4.8 24.5477,91.2583,4.8 34.261,94.4896,4.8 39.2513,80.0232,6 53.3165,42.6982,6 50.9715,74.9407,6 52.4618,25.3188,6 64.4693,22.5329,6 33.6372,6.00695,6 91.4041,78.4158,6 92.8247,18.0078,6 14.8248,73.7903,6 41.0746,51.7836,6 73.2079,34.1519,6 45.6731,91.3099,6 6.02813,6.03473,6 13.8233,15.1611,6 6.00356,41.4241,6 89.08,6.39353,6 71.8071,13.0423,6 32.9367,42.9607,6 6,89.5395,6 65.655,51.993,6 40.5757,23.5178,6 84.7109,54.2862,6 
fitness 0.0309872
15.7003,3.84,3.84 23.4032,3.84,3.84 43.3314,3.84,3.84 60.487,3.84,3.84 68.1834,3.8755,3.84 96.1571,3.84943,3.84 27.15,17.1668,3.84 34.4362,15.8224,3.84 22.6289,23.3704,3.84 30.7309,23.9679,3.84 84.3299,23.5179,3.84 5.32177,70.0466,3.84 11.4548,33.2652,3.84 38.3219,33.1513,3.84 46.1661,33.9229,3.84 53.8076,33.12,3.84 86.4505,36.5051,3.84 93.9511,38.6109,3.84 16.1177,41.1852,3.84 23.7613,39.405,3.84 42.7356,40.8,3.84 71.848,43.923,3.84 79.4547,42.7987,3.84 93.6982,48.72,3.84 12.9746,48.3803,3.84 24.001,47.0882,3.84 41.1938,48.3269,3.84 48.2738,54.8723,3.84 75.5061,50.6081,3.84 4.07987,62.4318,3.84 12.0028,56.1755,3.84 19.1089,53.0117,3.84 27.9709,62.4,3.84 53.8395,61.728,3.84 88.3444,69.0186,3.84 96.1215,69.66,3.84 22.7818,67.9977,3.84 11.7201,63.8815,3.84 57.7892,67.6877,3.84 30.5502,84.6985,3.84 62.9653,91.675,3.84 24.5456,75.8188,3.84 70.7661,82.3839,3.84 81.4129,78.361,3.84 85.3188,86.2887,3.84 95.4595,89.7834,3.84 16.2798,83.525,3.84 93.3866,61.2526,4.8 62.4014,31.8631,4.8 14.1682,25.0649,4.8 78.3927,4.80196,4.8 24.2755,12.4265,4.8 35.8526,61.241,4.8 45.2912,62.983,4.8 75.4831,23.2347,4.8 64.8963,62.7776,4.8 73.7493,59.0725,4.8 79.1999,94.2824,4.8 51.911,4.95038,4.8 64.029,41.3258,4.8 91.7039,28.8455,4.8 42.371,12.4262,4.8 19.609,60.228,4.8 41.0683,69.3765,4.8 51.7118,14.552,4.8 67.5422,72.6536,4.8 80.2152,66.1608,4.8 5.06913,78.6924,4.8 31.5481,70.6732,4.8 4.80445,52.1516,4.8 20.0868,32.6162,4.8 29.6926,32.6296,4.8 29.8269,53.6124,4.8 61.0354,12.272,4.8 82.4562,14.9418,4.8 54.9543,53.3694,4.8 4.88736,21.8284,4.8 24.4947,91.2165,4.8 34.2338,94.0284,4.8 39.2499,80.0248,6 53.3166,42.6991,6 50.9574,74.9541,6 52.4489,25.3201,6 64.4694,22.5309,6 33.6493,6.00607,6 91.4041,78.3893,6 92.8224,18.0838,6 14.8248,73.792,6 41.0728,51.7853,6 73.2087,34.1716,6 45.0167,91.1568,6 6.02901,6.03194,6 13.8224,15.1609,6 6.00035,41.4237,6 89.08,6.39488,6 71.8068,13.0416,6 32.938,42.959,6 6,89.4674,6 65.6548,51.9922,6 40.5758,23.5175,6 84.7155,54.2962,6 
fitness 0.0309871
15.7086,3.84,3.84 23.4045,3.84,3.84 43.3348,3.84,3.84 60.484,3.84,3.84 68.2002,3.87548,3.84 96.156,3.84912,3.84 27.1506,17.1716,3.84 34.4353,15.8224,3.84 22.6291,23.3695,3.84 30.7307,23.9725,3.84 84.2753,23.519,3.84 5.42379,70.0458,3.84 11.4535,33.259,3.84 38.3238,33.1278,3.84 46.1681,33.9229,3.84 53.8068,33.12,3.84 85.9249,36.5754,3.84 93.9367,39.0259,3.84 16.1193,41.2186,3.84 23.7626,39.4071,3.84 42.711,40.8,3.84 71.8421,43.9128,3.84 79.4551,42.8023,3.84 93.4864,48.7171,3.84 12.9688,48.3804,3.84 24.0017,47.0875,3.84 41.1895,48.3274,3.84 48.2787,54.8723,3.84 75.5061,50.6099,3.84 4.07983,62.4526,3.84 12.0027,56.1398,3.84 19.1023,53.0122,3.84 27.9731,62.4,3.84 53.8397,61.717,3.84 88.3444,69.0188,3.84 96.0854,69.618,3.84 22.782,67.9977,3.84 11.7332,63.9256,3.84 57.7845,67.6844,3.84 30.5502,84.7471,3.84 62.3667,91.9517,3.84 24.5463,75.8075,3.84 66.3904,83.5294,3.84 81.4671,78.3446,3.84 85.3335,86.3095,3.84 95.4343,89.823,3.84 16.2895,83.5257,3.84 93.3879,61.254,4.8 62.407,31.8615,4.8 14.1682,25.0614,4.8 78.3926,4.80167,4.8 24.2749,12.4243,4.8 35.8542,61.2395,4.8 45.291,62.9836,4.8 75.4816,23.2677,4.8 64.896,62.7814,4.8 73.7511,59.0657,4.8 79.1786,94.3389,4.8 51.9065,4.95148,4.8 64.0273,41.3191,4.8 91.9955,28.8477,4.8 42.3709,12.4257,4.8 19.6085,60.2316,4.8 41.0703,69.3766,4.8 51.7115,14.552,4.8 67.5432,72.4973,4.8 80.2149,66.1601,4.8 4.98519,78.6924,4.8 31.5483,70.6179,4.8 4.80402,52.1516,4.8 20.0884,32.6158,4.8 29.6927,32.6068,4.8 29.8376,53.6109,4.8 61.0354,12.272,4.8 82.4555,14.9525,4.8 54.947,53.3741,4.8 4.8959,21.8624,4.8 24.5249,91.1605,4.8 34.1695,94.514,4.8 39.2441,80.0268,6 53.3165,42.6985,6 50.9352,74.9571,6 52.4458,25.3229,6 64.4698,22.5323,6 33.6487,6.00577,6 91.4054,78.4133,6 92.8241,18.0655,6 14.8248,73.7907,6 41.0714,51.7842,6 73.2031,34.1504,6 44.831,91.0706,6 6.02838,6.03028,6 13.8237,15.1602,6 6.00673,41.4235,6 89.08,6.39077,6 71.8068,13.0418,6 32.9393,42.9599,6 6,89.4907,6 65.6526,51.9932,6 40.5753,23.5179,6 84.6965,54.3188,6 
fitness 0.0309871
15.7021,3.84,3.84 23.4033,3.84,3.84 43.3324,3.84,3.84 60.4807,3.84,3.84 68.1868,3.87329,3.84 96.1564,3.84953,3.84 27.1503,17.1656,3.84 34.4372,15.8221,3.84 22.6285,23.3731,3.84 30.7304,23.9765,3.84 84.2999,23.5182,3.84 5.39676,70.0451,3.84 11.4545,33.2629,3.84 38.3191,33.134,3.84 46.169,33.9237,3.84 53.8058,33.12,3.84 86.2481,36.9709,3.84 93.9681,38.411,3.84 16.1188,41.2285,3.84 23.7609,39.4049,3.84 42.715,40.8,3.84 71.8476,43.9208,3.84 79.4562,42.8041,3.84 95.0682,48.7187,3.84 12.9709,48.3796,3.84 24.0009,47.0849,3.84 41.1885,48.3275,3.84 48.2794,54.8722,3.84 75.5066,50.6081,3.84 4.07989,62.3343,3.84 12.0028,56.1676,3.84 19.1138,53.0094,3.84 27.9701,62.4,3.84 53.8396,61.7581,3.84 88.3445,69.0187,3.84 96.1139,69.6422,3.84 22.7816,67.9977,3.84 11.7175,63.8785,3.84 57.7848,67.6854,3.84 30.5502,84.7097,3.84 61.8501,91.4719,3.84 24.5442,75.844,3.84 69.4694,83.5309,3.84 81.4492,78.3497,3.84 85.3212,86.352,3.84 95.4407,89.7639,3.84 16.2893,83.5252,3.84 93.3898,61.2434,4.8 62.4028,31.8679,4.8 14.1693,25.0624,4.8 78.3927,4.80178,4.8 24.275,12.4243,4.8 35.853,61.2388,4.8 45.2912,62.9789,4.8 75.4834,23.3334,4.8 64.8961,62.7805,4.8 73.7498,59.0648,4.8 79.2211,94.297,4.8 51.8979,4.95048,4.8 64.0283,41.3188,4.8 91.6148,28.8463,4.8 42.3709,12.4259,4.8 19.6085,60.2322,4.8 41.0677,69.3766,4.8 51.7118,14.5519,4.8 67.5433,72.6663,4.8 80.2151,66.1613,4.8 5.04351,78.6908,4.8 31.5537,70.6624,4.8 4.80437,52.1524,4.8 20.0893,32.6156,4.8 29.6924,32.625,4.8 29.8306,53.6097,4.8 61.0354,12.2716,4.8 82.455,14.9456,4.8 54.9436,53.3701,4.8 4.89248,21.8184,4.8 24.5182,91.3316,4.8 34.2514,93.9024,4.8 39.2484,80.0223,6 53.3163,42.6983,6 50.999,74.9363,6 52.4495,25.325,6 64.4694,22.5303,6 33.6434,6.0058,6 91.3992,78.4087,6 92.8215,18.0522,6 14.8248,73.7918,6 41.0727,51.7865,6 73.2054,34.1704,6 45.0991,91.1402,6 6.02861,6.03701,6 13.8222,15.1611,6 6.00467,41.4237,6 89.08,6.39387,6 71.8065,13.0419,6 32.9378,42.9617,6 6,89.4644,6 65.6548,51.9917,6 40.5729,23.517,6 84.7188,54.3057,6 
fitness 0.030987
15.7117,3.84,3.84 23.4025,3.84,3.84 43.3354,3.84,3.84 60.4947,3.84,3.84 68.1879,3.87526,3.84 96.1565,3.8493,3.84 27.1508,17.1665,3.84 34.4395,15.8222,3.84 22.6286,23.375,3.84 30.7307,23.9699,3.84 84.2906,23.5181,3.84 5.34367,70.0452,3.84 11.4557,33.2632,3.84 38.3175,33.1593,3.84 46.1671,33.9242,3.84 53.8058,33.12,3.84 86.0949,36.9403,3.84 93.9521,39.6188,3.84 16.1202,41.2064,3.84 23.7594,39.405,3.84 42.7094,40.8,3.84 71.8516,43.9185,3.84 79.4564,42.7937,3.84 94.7849,48.7185,3.84 12.9775,48.3795,3.84 24.0015,47.0849,3.84 41.1932,48.3283,3.84 48.2754,54.8722,3.84 75.5063,50.611,3.84 4.07993,62.3885,3.84 12.0028,56.14,3.84 19.1106,53.01,3.84 27.9705,62.4,3.84 53.8397,61.7476,3.84 88.3445,69.0187,3.84 96.141,69.6331,3.84 22.7821,67.9978,3.84 11.724,63.8343,3.84 57.7854,67.6845,3.84 30.5502,84.7116,3.84 62.0984,91.3044,3.84 24.5443,75.8056,3.84 70.932,83.5982,3.84 81.4999,78.3691,3.84 85.252,86.3643,3.84 95.4477,89.7715,3.84 16.2858,83.5256,3.84 93.3952,61.2544,4.8 62.4054,31.8591,4.8 14.168,25.0614,4.8 78.3927,4.80191,4.8 24.2773,12.4219,4.8 35.8527,61.2383,4.8 45.2912,62.9743,4.8 75.5056,23.2081,4.8 64.8968,62.7802,4.8 73.7501,59.0675,4.8 79.207,94.3197,4.8 51.912,4.95015,4.8 64.0299,41.3202,4.8 91.5162,28.8459,4.8 42.3713,12.426,4.8 19.608,60.2319,4.8 41.069,69.3762,4.8 51.7116,14.5519,4.8 67.5455,72.6488,4.8 80.2031,66.161,4.8 5.00219,78.694,4.8 31.5531,70.6909,4.8 4.80348,52.1514,4.8 20.0893,32.6156,4.8 29.693,32.6152,4.8 29.8297,53.6135,4.8 61.0356,12.2718,4.8 82.4523,14.9443,4.8 54.9384,53.3731,4.8 4.87821,21.8438,4.8 24.5287,91.0801,4.8 34.2481,94.2843,4.8 39.2532,80.0236,6 53.3164,42.6982,6 51.0259,74.9462,6 52.4491,25.3199,6 64.4697,22.5297,6 33.6684,6.00494,6 91.4045,78.4119,6 92.8256,18.1212,6 14.8248,73.7887,6 41.0734,51.7831,6 73.2052,34.1734,6 45.8855,91.245,6 6.02774,6.03313,6 13.8227,15.161,6 6.00529,41.4236,6 89.0799,6.39825,6 71.807,13.0416,6 32.9368,42.9617,6 6,89.4846,6 65.6532,51.992,6 40.5734,23.5171,6 84.7305,54.2437,6 
fitness 0.0309869
15.6462,3.84,3.84 23.4026,3.84,3.84 43.3328,3.84,3.84 60.4822,3.84,3.84 68.1888,3.87478,3.84 96.1554,3.84956,3.84 27.1508,17.1692,3.84 34.4317,15.8223,3.84 22.6287,23.3703,3.84 30.7292,23.9743,3.84 84.2854,23.5185,3.84 5.38241,70.0479,3.84 11.4535,33.2644,3.84 38.3187,33.121,3.84 46.1674,33.924,3.84 53.8066,33.12,3.84 85.9672,36.8377,3.84 93.9457,39.0254,3.84 16.1251,41.2408,3.84 23.7606,39.4054,3.84 42.7264,40.8,3.84 71.8404,43.9243,3.84 79.449,42.8074,3.84 93.9028,48.7199,3.84 12.9811,48.3787,3.84 24.0017,47.0827,3.84 41.1892,48.3261,3.84 48.2746,54.8723,3.84 75.506,50.6102,3.84 4.07975,62.2526,3.84 12.0029,56.1877,3.84 19.1072,53.0088,3.84 27.9773,62.4,3.84 53.8395,61.741,3.84 88.3444,69.0187,3.84 96.0737,69.6385,3.84 22.7823,67.9978,3.84 11.7361,63.8925,3.84 57.7864,67.6842,3.84 30.5502,84.7363,3.84 63.2088,91.4994,3.84 24.5457,75.8217,3.84 68.5047,83.1037,3.84 81.3772,78.3673,3.84 85.3533,86.2955,3.84 95.4265,89.8493,3.84 16.2825,83.5255,3.84 93.3901,61.2536,4.8 62.4046,31.8584,4.8 14.1681,25.0634,4.8 78.3926,4.80184,4.8 24.2745,12.43,4.8 35.8536,61.2397,4.8 45.2911,62.9734,4.8 75.4669,23.2197,4.8 64.8965,62.7793,4.8 73.7495,59.0652,4.8 79.2255,94.3156,4.8 51.9146,4.95041,4.8 64.0274,41.3173,4.8 91.8449,28.8454,4.8 42.3712,12.4259,4.8 19.6099,60.2393,4.8 41.0742,69.3767,4.8 51.7118,14.552,4.8 67.544,72.6872,4.8 80.2156,66.1613,4.8 5.0229,78.6924,4.8 31.5552,70.6638,4.8 4.804,52.1533,4.8 20.0865,32.615,4.8 29.6929,32.6252,4.8 29.8328,53.6099,4.8 61.0354,12.272,4.8 82.4574,14.9651,4.8 54.9555,53.3756,4.8 4.94148,21.8696,4.8 24.4829,91.1803,4.8 34.2578,94.714,4.8 39.2363,80.0238,6 53.3166,42.6997,6 50.9809,74.9456,6 52.4499,25.3227,6 64.4699,22.5338,6 33.6542,6.00554,6 91.405,78.3926,6 92.8292,18.0448,6 14.8248,73.7912,6 41.0734,51.7816,6 73.2067,34.1682,6 45.0555,91.2146,6 6.03222,6.03301,6 13.8229,15.1614,6 6.00084,41.4238,6 89.08,6.39496,6 71.8074,13.0403,6 32.936,42.9583,6 6,89.5014,6 65.6545,51.994,6 40.5733,23.5162,6 84.7044,54.3159,6 
fitness 0.0309866
15.7139,3.84,3.84 23.4039,3.84,3.84 43.3323,3.84,3.84 60.4879,3.84,3.84 68.1932,3.87562,3.84 96.1564,3.84954,3.84 27.1506,17.1663,3.84 34.4254,15.8225,3.84 22.6287,23.3717,3.84 30.7308,23.9718,3.84 84.2932,23.5181,3.84 5.3066,70.0466,3.84 11.454,33.2643,3.84 38.3149,33.1251,3.84 46.1685,33.923,3.84 53.8061,33.12,3.84 86.0248,36.4166,3.84 93.9567,38.4577,3.84 16.1186,41.2087,3.84 23.7587,39.4051,3.84 42.7329,40.8,3.84 71.8484,43.9093,3.84 79.4535,42.8027,3.84 94.3671,48.7173,3.84 12.9771,48.3811,3.84 24.0024,47.0859,3.84 41.1877,48.3275,3.84 48.275,54.8722,3.84 75.5061,50.6064,3.84 4.08032,62.2563,3.84 12.0027,56.1628,3.84 19.1095,53.0086,3.84 27.971,62.4,3.84 53.8396,61.7257,3.84 88.3443,69.0188,3.84 96.1207,69.6321,3.84 22.7823,67.9977,3.84 11.7461,63.8908,3.84 57.7863,67.6842,3.84 30.5503,84.712,3.84 62.8969,91.8199,3.84 24.5429,75.8135,3.84 72.5122,83.2079,3.84 81.5292,78.3505,3.84 85.3313,86.3058,3.84 95.4424,89.8522,3.84 16.2793,83.5256,3.84 93.3907,61.2458,4.8 62.4037,31.8543,4.8 14.1678,25.0616,4.8 78.3927,4.80161,4.8 24.2748,12.4251,4.8 35.8511,61.2395,4.8 45.2912,62.981,4.8 75.5207,23.2039,4.8 64.894,62.7749,4.8 73.7577,59.0656,4.8 79.1831,94.3106,4.8 51.9094,4.95079,4.8 64.0275,41.3189,4.8 91.2272,28.8455,4.8 42.3704,12.426,4.8 19.603,60.2348,4.8 41.0803,69.3768,4.8 51.7118,14.5519,4.8 67.5437,72.3246,4.8 80.2195,66.1616,4.8 5.06006,78.6899,4.8 31.5385,70.6867,4.8 4.8044,52.1521,4.8 20.0904,32.6154,4.8 29.6927,32.6232,4.8 29.835,53.6126,4.8 61.0353,12.2719,4.8 82.4558,14.9453,4.8 54.9459,53.3733,4.8 4.84904,21.8783,4.8 24.5119,91.078,4.8 34.2155,93.9206,4.8 39.2539,80.0234,6 53.3165,42.6984,6 50.9631,74.9499,6 52.4469,25.3199,6 64.4698,22.5345,6 33.6803,6.00458,6 91.4021,78.4203,6 92.8286,18.0815,6 14.8248,73.7908,6 41.0724,51.7808,6 73.2053,34.1503,6 45.3842,91.0683,6 6.02738,6.03277,6 13.8231,15.1609,6 6.00724,41.4241,6 89.0802,6.40262,6 71.8067,13.0417,6 32.9367,42.9592,6 6,89.5009,6 65.6575,51.9921,6 40.5766,23.5185,6 84.7268,54.2564,6 
fitness 0.0309864
15.7176,3.84,3.84 23.4027,3.84,3.84 43.3335,3.84,3.84 60.4876,3.84,3.84 68.1931,3.87535,3.84 96.1565,3.84952,3.84 27.1506,17.1637,3.84 34.4293,15.8224,3.84 22.6287,23.3726,3.84 30.7308,23.9727,3.84 84.3242,23.5174,3.84 5.32626,70.0466,3.84 11.4538,33.261,3.84 38.3268,33.1231,3.84 46.1681,33.9231,3.84 53.8063,33.12,3.84 86.0492,36.6065,3.84 93.954,39.0178,3.84 16.1184,41.2072,3.84 23.7615,39.4051,3.84 42.7017,40.8,3.84 71.8451,43.9098,3.84 79.4536,42.7907,3.84 95.1012,48.7216,3.84 12.9678,48.3826,3.84 24.0022,47.084,3.84 41.1876,48.3276,3.84 48.2754,54.8722,3.84 75.5061,50.6071,3.84 4.07964,62.2087,3.84 12.0027,56.165,3.84 19.105,53.009,3.84 27.9728,62.4,3.84 53.8395,61.7268,3.84 88.3443,69.0187,3.84 96.117,69.6791,3.84 22.7821,67.9977,3.84 11.7461,63.9397,3.84 57.7867,67.6847,3.84 30.5502,84.7135,3.84 63.1809,91.4286,3.84 24.5443,75.8146,3.84 72.538,82.9262,3.84 81.5581,78.3498,3.84 85.3292,86.2941,3.84 95.4408,89.8664,3.84 16.2832,83.525,3.84 93.3881,61.2469,4.8 62.4077,31.8664,4.8 14.1682,25.0617,4.8 78.3927,4.80287,4.8 24.2757,12.4248,4.8 35.8542,61.2387,4.8 45.2912,62.979,4.8 75.5377,23.2122,4.8 64.8929,62.7754,4.8 73.752,59.0656,4.8 79.1852,94.4095,4.8 51.9039,4.95078,4.8 64.0274,41.3194,4.8 91.1906,28.8465,4.8 42.3706,12.426,4.8 19.6043,60.2342,4.8 41.0806,69.3768,4.8 51.7118,14.5519,4.8 67.5437,72.5838,4.8 80.2182,66.1616,4.8 4.9699,78.6904,4.8 31.5494,70.6859,4.8 4.80459,52.1554,4.8 20.0928,32.6154,4.8 29.6926,32.6162,4.8 29.8388,53.612,4.8 61.0353,12.2719,4.8 82.4558,14.9441,4.8 54.9468,53.3734,4.8 4.8312,21.8859,4.8 24.5123,91.3895,4.8 34.1924,94.3465,4.8 39.2538,80.0232,6 53.3165,42.6985,6 50.956,74.946,6 52.4461,25.3216,6 64.4696,22.535,6 33.6781,6.00461,6 91.402,78.4007,6 92.8307,18.07,6 14.8248,73.7905,6 41.0742,51.7846,6 73.2105,34.1665,6 45.2438,91.0959,6 6.02695,6.03277,6 13.8228,15.1619,6 6.00662,41.4244,6 89.0802,6.40331,6 71.8068,13.0418,6 32.9369,42.9591,6 6,89.5018,6 65.6586,51.9921,6 40.5764,23.5185,6 84.6842,54.2623,6 
fitness 0.0309863
15.7204,3.84,3.84 23.4038,3.84,3.84 43.3306,3.84,3.84 60.4896,3.84,3.84 68.1913,3.87529,3.84 96.1562,3.84947,3.84 27.1505,17.1739,3.84 34.4367,15.8224,3.84 22.629,23.3693,3.84 30.7322,23.9591,3.84 84.2899,23.518,3.84 5.29979,70.0465,3.84 11.4537,33.2622,3.84 38.3246,33.1404,3.84 46.1672,33.921,3.84 53.8055,33.12,3.84 86.1108,36.5594,3.84 93.9587,39.0643,3.84 16.1185,41.1867,3.84 23.7613,39.4057,3.84 42.733,40.8,3.84 71.8531,43.9221,3.84 79.4536,42.8012,3.84 94.0707,48.716,3.84 12.976,48.382,3.84 24.0016,47.0868,3.84 41.1904,48.3268,3.84 48.2777,54.8722,3.84 75.5062,50.608,3.84 4.07986,62.4598,3.84 12.0029,56.1208,3.84 19.1034,53.0106,3.84 27.9729,62.4,3.84 53.8395,61.7354,3.84 88.3444,69.0185,3.84 96.1132,69.6261,3.84 22.7819,67.9978,3.84 11.7064,63.9266,3.84 57.7855,67.6846,3.84 30.5503,84.7129,3.84 62.4414,91.5716,3.84 24.545,75.8092,3.84 69.9079,83.8704,3.84 81.3165,78.3298,3.84 85.3485,86.3093,3.84 95.4637,89.8759,3.84 16.294,83.5254,3.84 93.3951,61.2489,4.8 62.4043,31.8678,4.8 14.1677,25.0616,4.8 78.393,4.80172,4.8 24.2735,12.4254,4.8 35.8526,61.2401,4.8 45.2911,62.9817,4.8 75.4958,23.2706,4.8 64.8955,62.7771,4.8 73.751,59.0656,4.8 79.1769,94.2901,4.8 51.9145,4.94967,4.8 64.0267,41.3219,4.8 92.1935,28.8457,4.8 42.3708,12.4259,4.8 19.6033,60.231,4.8 41.0681,69.3768,4.8 51.7116,14.5519,4.8 67.5434,72.5586,4.8 80.2141,66.1616,4.8 5.08947,78.6901,4.8 31.5493,70.6628,4.8 4.80447,52.1511,4.8 20.0914,32.6163,4.8 29.6928,32.5848,4.8 29.8316,53.6127,4.8 61.0353,12.2718,4.8 82.4542,14.9443,4.8 54.9527,53.3731,4.8 4.89942,21.7277,4.8 24.5081,91.0675,4.8 34.3733,94.1814,4.8 39.2538,80.033,6 53.3165,42.6985,6 50.9733,74.9456,6 52.4474,25.3199,6 64.4698,22.5329,6 33.6264,6.00648,6 91.4025,78.4054,6 92.8225,18.0554,6 14.8248,73.7907,6 41.0726,51.7834,6 73.2083,34.134,6 45.5104,91.1946,6 6.02611,6.03513,6 13.8221,15.1606,6 6.00562,41.4241,6 89.08,6.40021,6 71.8071,13.042,6 32.9385,42.9599,6 6,89.4539,6 65.6595,51.9921,6 40.5753,23.5174,6 84.7258,54.29,6 
fitness 0.0309858
15.7045,3.84,3.84 23.4033,3.84,3.84 43.332,3.84,3.84 60.4969,3.84,3.84 68.1831,3.87435,3.84 96.1568,3.84932,3.84 27.1507,17.1667,3.84 34.4314,15.8224,3.84 22.6286,23.3702,3.84 30.732,23.9743,3.84 84.289,23.5179,3.84 5.32926,70.0464,3.84 11.4569,33.2612,3.84 38.325,33.1177,3.84 46.1683,33.9233,3.84 53.8069,33.12,3.84 86.0604,36.9171,3.84 93.9457,38.9253,3.84 16.1187,41.207,3.84 23.7613,39.4055,3.84 42.7257,40.8,3.84 71.8498,43.9224,3.84 79.451,42.786,3.84 93.9568,48.7204,3.84 12.9742,48.3778,3.84 24.0038,47.0855,3.84 41.1852,48.3262,3.84 48.2747,54.8723,3.84 75.5063,50.6077,3.84 4.07957,62.3649,3.84 12.0028,56.1743,3.84 19.1098,53.0114,3.84 27.971,62.4,3.84 53.8393,61.7439,3.84 88.3443,69.0187,3.84 96.0644,69.6745,3.84 22.7825,67.9977,3.84 11.7404,63.9781,3.84 57.7901,67.6826,3.84 30.5502,84.7254,3.84 63.264,91.6906,3.84 24.5428,75.8123,3.84 73.5762,83.1309,3.84 81.3357,78.3576,3.84 85.297,86.2953,3.84 95.4327,89.8866,3.84 16.2629,83.5255,3.84 93.3902,61.2537,4.8 62.4037,31.8697,4.8 14.1681,25.0631,4.8 78.3927,4.80217,4.8 24.2731,12.4354,4.8 35.8546,61.238,4.8 45.2911,62.9787,4.8 75.4901,23.2309,4.8 64.8967,62.7764,4.8 73.7501,59.0654,4.8 79.2141,94.2282,4.8 51.9096,4.95042,4.8 64.0274,41.3202,4.8 91.9211,28.8459,4.8 42.3707,12.426,4.8 19.6112,60.2423,4.8 41.0776,69.3767,4.8 51.7118,14.5519,4.8 67.5442,72.5579,4.8 80.2133,66.1614,4.8 4.95478,78.6926,4.8 31.5549,70.657,4.8 4.8042,52.1535,4.8 20.0927,32.615,4.8 29.6928,32.6097,4.8 29.8292,53.6104,4.8 61.0354,12.272,4.8 82.4581,14.9542,4.8 54.9516,53.3759,4.8 4.88245,21.8097,4.8 24.5112,91.1414,4.8 34.2318,94.3365,4.8 39.2371,80.0238,6 53.3164,42.6992,6 50.9375,74.9542,6 52.4474,25.3177,6 64.4693,22.5322,6 33.6525,6.00562,6 91.4036,78.3929,6 92.8171,18.0448,6 14.8248,73.7909,6 41.0737,51.7828,6 73.2056,34.1636,6 45.0965,91.228,6 6.02791,6.03367,6 13.8221,15.1599,6 6.00347,41.4236,6 89.08,6.39214,6 71.807,13.0415,6 32.9374,42.9589,6 6,89.4936,6 65.6557,51.9924,6 40.5758,23.517,6 84.7281,54.3026,6 
fitness 0.0309854
15.7027,3.84,3.84 23.4094,3.84,3.84 43.3324,3.84,3.84 60.4845,3.84,3.84 68.1926,3.87502,3.84 96.1567,3.84904,3.84 27.1507,17.1786,3.84 34.4335,15.8225,3.84 22.6289,23.3713,3.84 30.7295,23.9728,3.84 84.2822,23.5185,3.84 5.33778,70.0465,3.84 11.4527,33.262,3.84 38.3223,33.1228,3.84 46.1676,33.9235,3.84 53.8069,33.12,3.84 86.2128,37.106,3.84 93.9769,39.2464,3.84 16.1174,41.2008,3.84 23.7608,39.4049,3.84 42.7307,40.8,3.84 71.8599,43.9089,3.84 79.4551,42.8095,3.84 93.7233,48.72,3.84 12.9729,48.3792,3.84 23.9996,47.0834,3.84 41.1908,48.3261,3.84 48.2778,54.8723,3.84 75.5062,50.6075,3.84 4.07963,62.3286,3.84 12.0028,56.186,3.84 19.1115,53.0122,3.84 27.9738,62.4,3.84 53.8395,61.7036,3.84 88.3445,69.0186,3.84 96.1114,69.6411,3.84 22.782,67.9978,3.84 11.7095,63.9209,3.84 57.7839,67.6822,3.84 30.5502,84.7447,3.84 62.7724,91.5448,3.84 24.5453,75.835,3.84 70.387,82.0493,3.84 81.4505,78.3669,3.84 85.2602,86.2543,3.84 95.4554,89.8613,3.84 16.2756,83.5254,3.84 93.3951,61.2554,4.8 62.4061,31.873,4.8 14.1675,25.0634,4.8 78.3926,4.802,4.8 24.2749,12.4315,4.8 35.8541,61.2432,4.8 45.2908,62.9761,4.8 75.5147,23.3049,4.8 64.8959,62.7796,4.8 73.7496,59.0663,4.8 79.2068,94.2297,4.8 51.9169,4.94972,4.8 64.0281,41.3205,4.8 91.2041,28.8488,4.8 42.3709,12.4258,4.8 19.6119,60.2313,4.8 41.0737,69.3767,4.8 51.712,14.5519,4.8 67.5436,72.643,4.8 80.2116,66.1611,4.8 5.01517,78.6898,4.8 31.5482,70.6373,4.8 4.80432,52.1522,4.8 20.0927,32.6144,4.8 29.6929,32.612,4.8 29.836,53.6107,4.8 61.0353,12.2718,4.8 82.456,14.9611,4.8 54.9572,53.37,4.8 5.00657,21.7636,4.8 24.5005,91.2096,4.8 34.2444,95.0171,4.8 39.2539,80.0231,6 53.3166,42.6985,6 50.9721,74.9541,6 52.4498,25.3244,6 64.4694,22.5317,6 33.6211,6.00565,6 91.4071,78.3975,6 92.8223,18.0653,6 14.8248,73.7905,6 41.0726,51.7827,6 73.2065,34.1664,6 45.1707,91.201,6 6.02662,6.03691,6 13.8219,15.1609,6 6.00394,41.4239,6 89.08,6.40007,6 71.8076,13.0415,6 32.9389,42.9598,6 6,89.5035,6 65.6479,51.9929,6 40.5731,23.5177,6 84.7379,54.2999,6 
fitness 0.0309854
15.7035,3.84,3.84 23.4038,3.84,3.84 43.3325,3.84,3.84 60.4845,3.84,3.84 68.1873,3.8738,3.84 96.1568,3.84943,3.84 27.1501,17.1652,3.84 34.4297,15.8224,3.84 22.6287,23.3696,3.84 30.7305,23.9761,3.84 84.3115,23.5181,3.84 5.3565,70.0478,3.84 11.4535,33.2648,3.84 38.3198,33.1421,3.84 46.1651,33.9247,3.84 53.8066,33.12,3.84 86.3441,36.8922,3.84 93.9512,38.9006,3.84 16.1177,41.2147,3.84 23.7616,39.4053,3.84 42.7361,40.8,3.84 71.8515,43.927,3.84 79.453,42.8041,3.84 94.4827,48.7203,3.84 12.9744,48.3805,3.84 24.0009,47.0849,3.84 41.1844,48.327,3.84 48.2757,54.8722,3.84 75.5062,50.6079,3.84 4.0799,62.3384,3.84 12.0028,56.1786,3.84 19.113,53.0095,3.84 27.9717,62.4,3.84 53.8396,61.7264,3.84 88.3446,69.0187,3.84 96.1178,69.6584,3.84 22.7817,67.9977,3.84 11.7175,63.8717,3.84 57.7871,67.6854,3.84 30.5502,84.7019,3.84 63.5101,91.7841,3.84 24.5455,75.8936,3.84 69.4478,84.0074,3.84 81.4468,78.3808,3.84 85.3224,86.3219,3.84 95.4418,89.7608,3.84 16.281,83.5249,3.84 93.3877,61.2521,4.8 62.4035,31.8647,4.8 14.1679,25.0621,4.8 78.3927,4.80197,4.8 24.275,12.4252,4.8 35.8538,61.2423,4.8 45.291,62.985,4.8 75.5225,23.2457,4.8 64.8963,62.779,4.8 73.7532,59.0656,4.8 79.2198,94.2921,4.8 51.912,4.95061,4.8 64.0288,41.3187,4.8 91.712,28.8456,4.8 42.3709,12.4262,4.8 19.6107,60.2288,4.8 41.0681,69.3764,4.8 51.7118,14.5519,4.8 67.544,72.641,4.8 80.2142,66.1617,4.8 5.05768,78.6924,4.8 31.5481,70.67,4.8 4.80448,52.1534,4.8 20.0933,32.6157,4.8 29.6928,32.6301,4.8 29.8294,53.61,4.8 61.0354,12.272,4.8 82.4562,14.9462,4.8 54.947,53.3676,4.8 4.9022,21.8069,4.8 24.5205,91.238,4.8 34.2662,94.0422,4.8 39.2476,80.0236,6 53.3165,42.6989,6 50.9997,74.9293,6 52.4494,25.3245,6 64.4694,22.5307,6 33.6467,6.0061,6 91.4022,78.4108,6 92.8217,18.0702,6 14.8248,73.7917,6 41.0728,51.7853,6 73.2046,34.1707,6 44.967,91.1243,6 6.02803,6.03157,6 13.8226,15.1611,6 6.0046,41.424,6 89.08,6.3946,6 71.8067,13.0417,6 32.938,42.9593,6 6,89.4497,6 65.6549,51.9922,6 40.5755,23.5167,6 84.7158,54.3057,6 
fitness 0.0309853
15.7016,3.84,3.84 23.4026,3.84,3.84 43.3319,3.84,3.84 60.5058,3.84,3.84 68.1872,3.87507,3.84 96.1562,3.84934,3.84 27.1508,17.1689,3.84 34.4325,15.8221,3.84 22.6287,23.3716,3.84 30.732,23.967,3.84 84.2892,23.5176,3.84 5.29105,70.0455,3.84 11.4552,33.2629,3.84 38.3209,33.1274,3.84 46.168,33.9236,3.84 53.806,33.12,3.84 86.0277,36.9563,3.84 93.9438,38.6869,3.84 16.1216,41.2178,3.84 23.7594,39.405,3.84 42.7207,40.8,3.84 71.85,43.9105,3.84 79.4536,42.7925,3.84 94.3532,48.7198,3.84 12.9758,48.3778,3.84 24.0041,47.0851,3.84 41.1789,48.3275,3.84 48.2748,54.8722,3.84 75.5062,50.6073,3.84 4.07944,62.3695,3.84 12.0029,56.1497,3.84 19.11,53.0114,3.84 27.9708,62.4,3.84 53.8396,61.7467,3.84 88.3443,69.0187,3.84 96.0805,69.645,3.84 22.7823,67.9977,3.84 11.74,63.9764,3.84 57.7908,67.6844,3.84 30.5502,84.7246,3.84 62.279,91.6684,3.84 24.5413,75.8093,3.84 69.3875,83.2048,3.84 81.2635,78.3571,3.84 85.1917,86.3293,3.84 95.4488,89.8952,3.84 16.2887,83.5257,3.84 93.4035,61.2546,4.8 62.4054,31.8555,4.8 14.1683,25.0628,4.8 78.3928,4.80226,4.8 24.2725,12.4241,4.8 35.8538,61.2398,4.8 45.291,62.9795,4.8 75.5083,23.2338,4.8 64.8963,62.7786,4.8 73.7555,59.0679,4.8 79.2139,94.2204,4.8 51.9096,4.95043,4.8 64.0271,41.3199,4.8 91.4095,28.8466,4.8 42.3714,12.4261,4.8 19.6117,60.2262,4.8 41.0756,69.3765,4.8 51.7116,14.552,4.8 67.5454,72.4156,4.8 80.2047,66.1613,4.8 5.0019,78.6938,4.8 31.5551,70.6389,4.8 4.80399,52.1546,4.8 20.0928,32.6153,4.8 29.6928,32.6113,4.8 29.8298,53.6145,4.8 61.0354,12.2722,4.8 82.459,14.9468,4.8 54.9534,53.3756,4.8 4.88328,21.8474,4.8 24.5073,91.1434,4.8 34.244,94.4327,4.8 39.248,80.023,6 53.3165,42.6991,6 50.9473,74.9492,6 52.4466,25.3172,6 64.4692,22.5332,6 33.6484,6.00529,6 91.4065,78.3994,6 92.8335,18.0423,6 14.8248,73.7913,6 41.074,51.783,6 73.2074,34.1588,6 44.6558,91.2399,6 6.02726,6.03412,6 13.8226,15.1612,6 6.00097,41.4237,6 89.0802,6.40789,6 71.8069,13.0415,6 32.9375,42.9586,6 6,89.4941,6 65.6537,51.9921,6 40.5765,23.517,6 84.71,54.2489,6 
fitness 0.0309852
15.6917,3.84,3.84 23.405,3.84,3.84 43.3318,3.84,3.84 60.4856,3.84,3.84 68.1841,3.87426,3.84 96.1562,3.84947,3.84 27.1509,17.1598,3.84 34.4413,15.8223,3.84 22.6288,23.3719,3.84 30.7312,23.9699,3.84 84.298,23.5179,3.84 5.32352,70.0458,3.84 11.4575,33.2646,3.84 38.3194,33.149,3.84 46.1676,33.9238,3.84 53.8068,33.12,3.84 86.0286,36.6185,3.84 93.9248,38.2764,3.84 16.1176,41.1574,3.84 23.7611,39.4054,3.84 42.7137,40.8,3.84 71.8484,43.9173,3.84 79.453,42.7984,3.84 94.1329,48.7217,3.84 12.974,48.3788,3.84 24.0015,47.0863,3.84 41.1881,48.3292,3.84 48.2727,54.8723,3.84 75.5062,50.6074,3.84 4.07983,62.1666,3.84 12.0028,56.14,3.84 19.1064,53.0111,3.84 27.9703,62.4,3.84 53.8395,61.739,3.84 88.3445,69.0185,3.84 96.1229,69.6533,3.84 22.7831,67.9977,3.84 11.7334,63.8965,3.84 57.7896,67.6868,3.84 30.5502,84.7266,3.84 62.8897,91.3422,3.84 24.5454,75.7681,3.84 69.7881,82.81,3.84 81.392,78.3633,3.84 85.3124,86.2932,3.84 95.4426,89.8512,3.84 16.2745,83.5255,3.84 93.3905,61.2593,4.8 62.3992,31.87,4.8 14.1687,25.0635,4.8 78.3927,4.80199,4.8 24.2735,12.4265,4.8 35.8528,61.2385,4.8 45.2911,62.9673,4.8 75.4941,23.2415,4.8 64.8958,62.7788,4.8 73.7511,59.0707,4.8 79.2042,94.2633,4.8 51.9091,4.95033,4.8 64.0288,41.3248,4.8 91.881,28.8459,4.8 42.3711,12.4261,4.8 19.6048,60.2349,4.8 41.0674,69.3764,4.8 51.7121,14.5519,4.8 67.5433,72.6611,4.8 80.2164,66.1616,4.8 4.99362,78.6902,4.8 31.5508,70.6541,4.8 4.80378,52.1536,4.8 20.0848,32.6149,4.8 29.6925,32.6295,4.8 29.8266,53.6092,4.8 61.0353,12.272,4.8 82.4568,14.9662,4.8 54.9551,53.3727,4.8 4.89611,21.8172,4.8 24.4993,91.2982,4.8 34.2566,93.9843,4.8 39.2477,80.0245,6 53.3165,42.6992,6 50.9399,74.9491,6 52.4434,25.3207,6 64.4692,22.5325,6 33.6462,6.00579,6 91.4035,78.3932,6 92.8168,18.0357,6 14.8248,73.7907,6 41.0727,51.7801,6 73.2069,34.1741,6 44.9977,91.4431,6 6.02931,6.02911,6 13.8256,15.1609,6 6.00413,41.4237,6 89.0799,6.39724,6 71.8068,13.0416,6 32.9386,42.9609,6 6,89.5024,6 65.6564,51.9926,6 40.5745,23.5171,6 84.718,54.2959,6 
fitness 0.030985
15.7096,3.84,3.84 23.4051,3.84,3.84 43.3323,3.84,3.84 60.4967,3.84,3.84 68.186,3.8753,3.84 96.1555,3.84937,3.84 27.1507,17.1712,3.84 34.4361,15.8222,3.84 22.6285,23.3707,3.84 30.7307,23.9659,3.84 84.2847,23.5184,3.84 5.30551,70.0474,3.84 11.454,33.2548,3.84 38.3186,33.1302,3.84 46.1689,33.9239,3.84 53.806,33.12,3.84 85.9817,36.981,3.84 93.9242,38.6957,3.84 16.1177,41.217,3.84 23.7601,39.4049,3.84 42.7143,40.8,3.84 71.8554,43.8895,3.84 79.4567,42.7736,3.84 93.6777,48.7175,3.84 12.9777,48.3792,3.84 24.0018,47.0844,3.84 41.1921,48.3228,3.84 48.2761,54.8722,3.84 75.5061,50.6097,3.84 4.0799,62.4021,3.84 12.0028,56.1508,3.84 19.0992,53.0124,3.84 27.9769,62.4,3.84 53.8396,61.7262,3.84 88.3445,69.0186,3.84 96.1331,69.6347,3.84 22.7821,67.9978,3.84 11.7467,63.8783,3.84 57.7866,67.6839,3.84 30.5502,84.7231,3.84 62.2095,93.1823,3.84 24.5476,75.8014,3.84 68.6563,83.9311,3.84 81.5118,78.2892,3.84 85.3418,86.295,3.84 95.3869,89.8435,3.84 16.2841,83.5257,3.84 93.4009,61.2463,4.8 62.4057,31.8583,4.8 14.1675,25.0616,4.8 78.3928,4.80214,4.8 24.2771,12.4246,4.8 35.8528,61.2413,4.8 45.291,62.9807,4.8 75.5229,23.233,4.8 64.897,62.7796,4.8 73.7549,59.0647,4.8 79.2339,94.2975,4.8 51.9075,4.95112,4.8 64.029,41.3223,4.8 91.5181,28.8474,4.8 42.3714,12.426,4.8 19.6082,60.2303,4.8 41.0817,69.3764,4.8 51.7114,14.5519,4.8 67.5405,72.4975,4.8 80.2109,66.1621,4.8 4.98658,78.6917,4.8 31.545,70.6268,4.8 4.80394,52.1513,4.8 20.0913,32.6152,4.8 29.6928,32.6264,4.8 29.8366,53.6147,4.8 61.0352,12.2723,4.8 82.4594,14.9465,4.8 54.946,53.374,4.8 4.89506,21.8378,4.8 24.5284,91.1237,4.8 34.2432,94.6754,4.8 39.2615,80.0258,6 53.3165,42.6988,6 50.9664,74.9329,6 52.4511,25.3224,6 64.4697,22.533,6 33.6663,6.00613,6 91.4037,78.4132,6 92.828,18.0557,6 14.8248,73.7911,6 41.0719,51.785,6 73.2062,34.1492,6 44.8687,91.2711,6 6.02847,6.03435,6 13.8225,15.1609,6 6.00535,41.4237,6 89.08,6.39921,6 71.8073,13.0416,6 32.9371,42.9641,6 6,89.4869,6 65.6517,51.9928,6 40.5751,23.5179,6 84.7132,54.2652,6 
fitness 0.0309849
15.6674,3.84,3.84 23.4061,3.84,3.84 43.3342,3.84,3.84 60.491,3.84,3.84 68.1827,3.87428,3.84 96.1562,3.84949,3.84 27.151,17.1645,3.84 34.4352,15.8223,3.84 22.6287,23.3718,3.84 30.7303,23.9729,3.84 84.3088,23.5186,3.84 5.36453,70.0471,3.84 11.4534,33.2643,3.84 38.3161,33.124,3.84 46.1686,33.923,3.84 53.8068,33.12,3.84 85.8717,36.6921,3.84 93.9592,39.8255,3.84 16.1189,41.2015,3.84 23.7612,39.4053,3.84 42.7242,40.8,3.84 71.8559,43.9137,3.84 79.4521,42.8047,3.84 93.7774,48.7207,3.84 12.9695,48.3789,3.84 24.0022,47.0836,3.84 41.1868,48.3266,3.84 48.2758,54.8723,3.84 75.5062,50.6157,3.84 4.07976,62.1689,3.84 12.0028,56.1791,3.84 19.1088,53.0098,3.84 27.971,62.4,3.84 53.8395,61.7438,3.84 88.3447,69.0186,3.84 96.0427,69.6197,3.84 22.782,67.9978,3.84 11.7594,63.9055,3.84 57.7859,67.6842,3.84 30.5502,84.7212,3.84 62.6683,91.9461,3.84 24.5473,75.8376,3.84 69.7002,82.7677,3.84 81.44,78.3922,3.84 85.3242,86.2952,3.84 95.4807,89.8262,3.84 16.2797,83.5262,3.84 93.3903,61.254,4.8 62.4052,31.8715,4.8 14.1676,25.0626,4.8 78.3927,4.80161,4.8 24.2752,12.4346,4.8 35.8532,61.2422,4.8 45.2911,62.9815,4.8 75.4489,23.2203,4.8 64.8971,62.7788,4.8 73.7511,59.0651,4.8 79.2158,94.2875,4.8 51.9081,4.95036,4.8 64.0261,41.3188,4.8 91.4735,28.8457,4.8 42.3712,12.426,4.8 19.6161,60.2402,4.8 41.0756,69.3764,4.8 51.7119,14.5519,4.8 67.5437,72.5387,4.8 80.2149,66.1607,4.8 4.92622,78.6924,4.8 31.5544,70.6311,4.8 4.80461,52.1533,4.8 20.0915,32.6149,4.8 29.6926,32.6227,4.8 29.8244,53.6099,4.8 61.0353,12.2721,4.8 82.4595,14.9565,4.8 54.9495,53.3739,4.8 4.90874,21.7232,4.8 24.5197,91.4416,4.8 34.2657,94.3717,4.8 39.247,80.0243,6 53.3165,42.6992,6 50.9546,74.9335,6 52.4613,25.3193,6 64.4695,22.5334,6 33.6277,6.00552,6 91.4058,78.3884,6 92.8244,18.0483,6 14.8248,73.7909,6 41.0728,51.78,6 73.2052,34.1679,6 45.0956,91.341,6 6.02967,6.03355,6 13.8246,15.1606,6 6.0045,41.424,6 89.08,6.39267,6 71.8072,13.0417,6 32.9368,42.9603,6 6,89.5062,6 65.6564,51.9918,6 40.572,23.5154,6 84.7257,54.3016,6 
fitness 0.0309847
15.6467,3.84,3.84 23.4032,3.84,3.84 43.3322,3.84,3.84 60.4871,3.84,3.84 68.1856,3.8744,3.84 96.1568,3.84901,3.84 27.1508,17.1671,3.84 34.4367,15.8223,3.84 22.6293,23.3727,3.84 30.7299,23.9689,3.84 84.3127,23.5181,3.84 5.47883,70.046,3.84 11.4563,33.2661,3.84 38.3236,33.136,3.84 46.1679,33.9232,3.84 53.8099,33.12,3.84 86.473,36.7327,3.84 93.9482,38.9463,3.84 16.1175,41.2059,3.84 23.7622,39.4051,3.84 42.7224,40.8,3.84 71.8543,43.9165,3.84 79.4544,42.8041,3.84 93.6082,48.7205,3.84 12.9666,48.3799,3.84 24.0026,47.0861,3.84 41.2023,48.3268,3.84 48.2695,54.8722,3.84 75.5062,50.6184,3.84 4.07939,62.0823,3.84 12.0028,56.1574,3.84 19.1085,53.0117,3.84 27.9706,62.4,3.84 53.8394,61.7541,3.84 88.3444,69.0186,3.84 96.0619,69.6301,3.84 22.7822,67.9978,3.84 11.7305,63.8838,3.84 57.7891,67.6832,3.84 30.5502,84.718,3.84 63.0421,91.8305,3.84 24.5422,75.8093,3.84 71.6708,81.7828,3.84 81.3475,78.3674,3.84 85.3226,86.2967,3.84 95.4478,89.7346,3.84 16.2664,83.5255,3.84 93.3898,61.2526,4.8 62.4041,31.8701,4.8 14.168,25.0639,4.8 78.3927,4.8018,4.8 24.2743,12.4259,4.8 35.8526,61.2378,4.8 45.291,62.9735,4.8 75.4964,23.2754,4.8 64.8964,62.7792,4.8 73.7503,59.0654,4.8 79.2184,94.1859,4.8 51.9211,4.94971,4.8 64.0274,41.3205,4.8 91.4474,28.8473,4.8 42.3706,12.4261,4.8 19.6132,60.2374,4.8 41.0784,69.3768,4.8 51.712,14.5519,4.8 67.5439,72.5706,4.8 80.2121,66.1605,4.8 4.90433,78.6926,4.8 31.5491,70.6674,4.8 4.80443,52.1532,4.8 20.0902,32.617,4.8 29.6927,32.6256,4.8 29.8222,53.6103,4.8 61.0353,12.2719,4.8 82.4587,14.9487,4.8 54.9494,53.3723,4.8 4.91159,21.7243,4.8 24.5157,91.342,4.8 34.2626,94.5369,4.8 39.2428,80.0244,6 53.3165,42.6982,6 50.9575,74.9394,6 52.4416,25.3176,6 64.4695,22.5305,6 33.6364,6.00553,6 91.4012,78.3876,6 92.8275,18.0518,6 14.8248,73.7915,6 41.0728,51.783,6 73.2058,34.1596,6 45.0868,91.2915,6 6.02807,6.03304,6 13.8257,15.1598,6 6.00297,41.4238,6 89.08,6.39263,6 71.8066,13.0416,6 32.938,42.9595,6 6,89.5156,6 65.6564,51.9917,6 40.5727,23.5151,6 84.7178,54.2884,6 
fitness 0.0309846
15.6682,3.84,3.84 23.4025,3.84,3.84 43.3326,3.84,3.84 60.4815,3.84,3.84 68.1838,3.87501,3.84 96.1556,3.8495,3.84 27.1509,17.1693,3.84 34.4326,15.8223,3.84 22.6286,23.3704,3.84 30.7302,23.9755,3.84 84.2942,23.5183,3.84 5.40366,70.0481,3.84 11.454,33.2668,3.84 38.3199,33.0921,3.84 46.1683,33.9223,3.84 53.8063,33.12,3.84 86.0536,37.1596,3.84 93.9482,39.0086,3.84 16.1197,41.2437,3.84 23.7608,39.4054,3.84 42.7256,40.8,3.84 71.8433,43.8827,3.84 79.4593,42.7935,3.84 93.86,48.7205,3.84 12.9795,48.3797,3.84 24.0017,47.0867,3.84 41.1891,48.3242,3.84 48.2742,54.8723,3.84 75.506,50.6103,3.84 4.07972,62.2897,3.84 12.0028,56.1454,3.84 19.1048,53.009,3.84 27.9773,62.4,3.84 53.8395,61.7234,3.84 88.3443,69.0187,3.84 96.0765,69.6374,3.84 22.782,67.9978,3.84 11.7406,63.8956,3.84 57.7862,67.6851,3.84 30.5502,84.7288,3.84 62.1009,91.9145,3.84 24.5467,75.8208,3.84 67.207,83.2289,3.84 81.4307,78.4036,3.84 85.3539,86.2953,3.84 95.4435,89.8495,3.84 16.2817,83.5256,3.84 93.3858,61.2496,4.8 62.4061,31.8579,4.8 14.1678,25.0641,4.8 78.3928,4.80245,4.8 24.2759,12.43,4.8 35.853,61.2405,4.8 45.2911,62.972,4.8 75.4662,23.219,4.8 64.8969,62.7781,4.8 73.7533,59.0653,4.8 79.2329,94.3262,4.8 51.9172,4.95047,4.8 64.0285,41.3184,4.8 91.7561,28.8469,4.8 42.3706,12.4265,4.8 19.6092,60.2428,4.8 41.0732,69.3767,4.8 51.7119,14.552,4.8 67.5386,72.6673,4.8 80.2149,66.1613,4.8 5.01552,78.6913,4.8 31.5585,70.6677,4.8 4.80399,52.1526,4.8 20.0898,32.6148,4.8 29.6929,32.6212,4.8 29.8327,53.6153,4.8 61.0353,12.272,4.8 82.4596,14.9492,4.8 54.9534,53.375,4.8 4.91515,21.8785,4.8 24.4658,91.1383,4.8 34.3968,94.459,4.8 39.2606,80.0237,6 53.3165,42.6987,6 50.9769,74.9416,6 52.4498,25.3166,6 64.4699,22.5327,6 33.6526,6.00589,6 91.4042,78.3867,6 92.8246,18.0584,6 14.8248,73.7914,6 41.0714,51.7817,6 73.2067,34.1676,6 45.0772,91.2183,6 6.02812,6.03532,6 13.8227,15.1612,6 6.00583,41.4237,6 89.08,6.39669,6 71.8073,13.0426,6 32.9368,42.9572,6 6,89.4999,6 65.6548,51.9935,6 40.5728,23.5161,6 84.7099,54.2617,6 
fitness 0.0309842
15.697,3.84,3.84 23.4057,3.84,3.84 43.3326,3.84,3.84 60.4932,3.84,3.84 68.1845,3.87546,3.84 96.1565,3.84942,3.84 27.1512,17.1638,3.84 34.4373,15.8224,3.84 22.6286,23.3719,3.84 30.731,23.9712,3.84 84.3236,23.5178,3.84 5.39356,70.0468,3.84 11.4539,33.2617,3.84 38.3282,33.123,3.84 46.1685,33.9248,3.84 53.8063,33.12,3.84 86.0332,36.6894,3.84 93.9853,39.6748,3.84 16.1194,41.2095,3.84 23.7604,39.4051,3.84 42.7113,40.8,3.84 71.8471,43.9082,3.84 79.4535,42.7889,3.84 95.6347,48.7212,3.84 12.9679,48.3818,3.84 24.0022,47.0838,3.84 41.1891,48.3276,3.84 48.2759,54.8722,3.84 75.5061,50.6105,3.84 4.0797,62.2276,3.84 12.0026,56.1487,3.84 19.106,53.0087,3.84 27.9787,62.4,3.84 53.8396,61.7532,3.84 88.3445,69.0187,3.84 96.1117,69.6125,3.84 22.782,67.9978,3.84 11.7511,63.9339,3.84 57.7867,67.6844,3.84 30.5502,84.7209,3.84 62.5279,93.3705,3.84 24.548,75.8157,3.84 69.8634,82.6043,3.84 81.5648,78.3511,3.84 85.3228,86.2942,3.84 95.4379,89.8766,3.84 16.2831,83.5253,3.84 93.39,61.2625,4.8 62.4055,31.8704,4.8 14.1675,25.0616,4.8 78.3927,4.80106,4.8 24.2757,12.4246,4.8 35.8542,61.2423,4.8 45.2911,62.9788,4.8 75.4499,23.2156,4.8 64.8947,62.7785,4.8 73.7529,59.0658,4.8 79.2076,94.4056,4.8 51.9026,4.95096,4.8 64.0251,41.3207,4.8 91.1428,28.8462,4.8 42.3705,12.426,4.8 19.6045,60.2286,4.8 41.0789,69.3765,4.8 51.7118,14.5519,4.8 67.5419,72.5955,4.8 80.2109,66.1605,4.8 4.99604,78.6902,4.8 31.5628,70.6294,4.8 4.80418,52.1562,4.8 20.0935,32.6155,4.8 29.6929,32.6203,4.8 29.8339,53.613,4.8 61.0353,12.2719,4.8 82.4601,14.9446,4.8 54.9471,53.374,4.8 4.88451,21.8271,4.8 24.5143,91.256,4.8 34.2766,94.797,4.8 39.2533,80.027,6 53.3165,42.6984,6 50.9614,74.9354,6 52.4447,25.3217,6 64.4696,22.5352,6 33.6768,6.00562,6 91.4028,78.3973,6 92.8283,18.037,6 14.8248,73.791,6 41.0747,51.7864,6 73.2112,34.152,6 44.5453,91.1677,6 6.02877,6.03405,6 13.8228,15.1613,6 6.00427,41.4244,6 89.0801,6.39896,6 71.8072,13.0417,6 32.9369,42.9574,6 6,89.4798,6 65.6574,51.9923,6 40.5768,23.5158,6 84.6774,54.2833,6 
fitness 0.0309841
15.7086,3.84,3.84 23.4067,3.84,3.84 43.3323,3.84,3.84 60.4884,3.84,3.84 68.1903,3.87569,3.84 96.1561,3.84935,3.84 27.1505,17.1685,3.84 34.4382,15.8223,3.84 22.6293,23.3713,3.84 30.7285,23.9681,3.84 84.3273,23.5179,3.84 5.37796,70.0474,3.84 11.4523,33.2614,3.84 38.3225,33.1376,3.84 46.1667,33.9234,3.84 53.808,33.12,3.84 86.174,36.5838,3.84 93.9497,38.5326,3.84 16.1175,41.1948,3.84 23.7609,39.4048,3.84 42.7336,40.8,3.84 71.8455,43.9079,3.84 79.4504,42.7966,3.84 93.7955,48.7197,3.84 12.9737,48.3801,3.84 24.0014,47.0882,3.84 41.1972,48.3279,3.84 48.2782,54.8723,3.84 75.5063,50.6095,3.84 4.07987,62.4116,3.84 12.0028,56.1962,3.84 19.1087,53.0129,3.84 27.9734,62.4,3.84 53.8393,61.7196,3.84 88.3443,69.0186,3.84 96.1187,69.644,3.84 22.7826,67.9978,3.84 11.7204,63.917,3.84 57.7908,67.6813,3.84 30.5502,84.7453,3.84 62.5991,91.5572,3.84 24.5455,75.7663,3.84 71.196,81.8957,3.84 81.4125,78.362,3.84 85.3714,86.2917,3.84 95.4802,89.8306,3.84 16.2737,83.5253,3.84 93.3951,61.2509,4.8 62.4024,31.871,4.8 14.1688,25.0631,4.8 78.3927,4.80186,4.8 24.2832,12.4309,4.8 35.8554,61.2395,4.8 45.2911,62.9802,4.8 75.4936,23.3188,4.8 64.8962,62.7763,4.8 73.7504,59.066,4.8 79.2268,94.2401,4.8 51.9166,4.94861,4.8 64.0289,41.3203,4.8 91.73,28.8493,4.8 42.3711,12.4262,4.8 19.6096,60.2309,4.8 41.0676,69.3766,4.8 51.7121,14.5518,4.8 67.544,72.6308,4.8 80.216,66.1604,4.8 4.99306,78.6912,4.8 31.548,70.6721,4.8 4.80458,52.1511,4.8 20.0877,32.6163,4.8 29.6925,32.6116,4.8 29.8245,53.6128,4.8 61.0353,12.2718,4.8 82.4545,14.9628,4.8 54.9594,53.3716,4.8 4.88921,21.8755,4.8 24.5889,91.2499,4.8 34.2409,94.1143,4.8 39.2504,80.0258,6 53.3166,42.6984,6 50.933,74.9491,6 52.455,25.3256,6 64.4688,22.5312,6 33.6399,6.00575,6 91.4035,78.3983,6 92.8227,18.0865,6 14.8248,73.7903,6 41.0728,51.7863,6 73.2062,34.1697,6 45.0514,91.188,6 6.03054,6.03046,6 13.8193,15.161,6 6.00131,41.4237,6 89.08,6.39243,6 71.8068,13.041,6 32.9389,42.9587,6 6,89.5033,6 65.6566,51.9932,6 40.58,23.5175,6 84.7188,54.2775,6 
fitness 0.0309836
15.7106,3.84,3.84 23.4051,3.84,3.84 43.3347,3.84,3.84 60.5044,3.84,3.84 68.189,3.8753,3.84 96.1555,3.84934,3.84 27.1505,17.1693,3.84 34.4414,15.8221,3.84 22.6287,23.3717,3.84 30.7307,23.9672,3.84 84.2879,23.5185,3.84 5.24565,70.0452,3.84 11.4557,33.266,3.84 38.3176,33.1247,3.84 46.1678,33.9242,3.84 53.8056,33.12,3.84 85.9942,37.1697,3.84 93.9325,38.6745,3.84 16.122,41.2152,3.84 23.7596,39.4051,3.84 42.7151,40.8,3.84 71.8501,43.9132,3.84 79.456,42.8044,3.84 94.2693,48.7184,3.84 12.9779,48.3796,3.84 24.0017,47.0835,3.84 41.2005,48.3318,3.84 48.2758,54.8722,3.84 75.5061,50.6097,3.84 4.07991,62.388,3.84 12.0028,56.148,3.84 19.108,53.0117,3.84 27.9706,62.4,3.84 53.8396,61.7291,3.84 88.3444,69.0187,3.84 96.0891,69.636,3.84 22.7821,67.9978,3.84 11.7413,63.9836,3.84 57.7883,67.6841,3.84 30.5502,84.7244,3.84 62.3463,91.6717,3.84 24.5486,75.8005,3.84 69.9708,83.6112,3.84 81.496,78.362,3.84 85.2094,86.3244,3.84 95.4468,89.8472,3.84 16.2849,83.5257,3.84 93.4015,61.2548,4.8 62.4057,31.8574,4.8 14.1675,25.0617,4.8 78.3927,4.80188,4.8 24.2768,12.4243,4.8 35.8527,61.2411,4.8 45.291,62.9754,4.8 75.5271,23.2374,4.8 64.8973,62.7796,4.8 73.7538,59.0676,4.8 79.2121,94.2677,4.8 51.9096,4.95044,4.8 64.0292,41.3198,4.8 91.5303,28.847,4.8 42.3713,12.4261,4.8 19.608,60.2311,4.8 41.082,69.3763,4.8 51.7116,14.5521,4.8 67.5453,72.2959,4.8 80.2059,66.1612,4.8 4.99468,78.6951,4.8 31.5531,70.6265,4.8 4.80378,52.1509,4.8 20.0918,32.6155,4.8 29.6928,32.6157,4.8 29.83,53.6136,4.8 61.0352,12.2722,4.8 82.4611,14.9443,4.8 54.9459,53.375,4.8 4.89555,21.8503,4.8 24.5272,91.0837,4.8 34.2459,94.5237,4.8 39.2538,80.0223,6 53.3165,42.699,6 50.9689,74.9342,6 52.4504,25.3192,6 64.4697,22.5329,6 33.6495,6.00509,6 91.4061,78.4078,6 92.8285,18.1057,6 14.8248,73.7912,6 41.073,51.784,6 73.2074,34.149,6 44.7154,91.2362,6 6.02745,6.03476,6 13.8229,15.1608,6 6.00151,41.4241,6 89.0803,6.40802,6 71.8069,13.0415,6 32.9372,42.9596,6 6,89.4922,6 65.6516,51.992,6 40.5763,23.5171,6 84.71,54.2437,6 
fitness 0.0309834
15.7097,3.84,3.84 23.4029,3.84,3.84 43.3347,3.84,3.84 60.4905,3.84,3.84 68.1822,3.87502,3.84 96.156,3.84953,3.84 27.1502,17.1674,3.84 34.437,15.8225,3.84 22.6291,23.3693,3.84 30.7276,23.9742,3.84 84.3001,23.5182,3.84 5.32016,70.0473,3.84 11.4551,33.2647,3.84 38.3179,33.1224,3.84 46.1685,33.9226,3.84 53.8067,33.12,3.84 86.328,36.4625,3.84 93.9369,38.9786,3.84 16.119,41.2237,3.84 23.7635,39.4048,3.84 42.7042,40.8,3.84 71.8453,43.9055,3.84 79.4527,42.8097,3.84 93.6682,48.7203,3.84 12.9749,48.3811,3.84 24.0016,47.084,3.84 41.1908,48.3282,3.84 48.2784,54.8723,3.84 75.5061,50.6089,3.84 4.07972,62.3746,3.84 12.0028,56.1355,3.84 19.1005,53.0155,3.84 27.9748,62.4,3.84 53.8394,61.7302,3.84 88.3443,69.0187,3.84 96.1165,69.6315,3.84 22.7817,67.9977,3.84 11.6947,63.9149,3.84 57.7874,67.6848,3.84 30.5502,84.7507,3.84 62.2194,91.1281,3.84 24.5422,75.8066,3.84 71.6715,82.8161,3.84 81.5601,78.3103,3.84 85.3597,86.3544,3.84 95.436,89.8665,3.84 16.3011,83.5257,3.84 93.3876,61.2422,4.8 62.4071,31.8697,4.8 14.168,25.0613,4.8 78.3927,4.802,4.8 24.2735,12.425,4.8 35.8548,61.2395,4.8 45.2911,62.9829,4.8 75.4825,23.2781,4.8 64.8965,62.7768,4.8 73.7497,59.0695,4.8 79.2181,94.3497,4.8 51.9026,4.95039,4.8 64.0258,41.3217,4.8 91.9615,28.8476,4.8 42.3709,12.4264,4.8 19.6079,60.2309,4.8 41.0742,69.3763,4.8 51.7118,14.552,4.8 67.5441,72.6184,4.8 80.2085,66.1613,4.8 4.98415,78.6903,4.8 31.5477,70.627,4.8 4.80421,52.1519,4.8 20.0893,32.6148,4.8 29.6926,32.6036,4.8 29.8461,53.6131,4.8 61.0351,12.2716,4.8 82.4496,14.9541,4.8 54.9462,53.3731,4.8 4.91291,21.8014,4.8 24.5151,91.0702,4.8 34.4333,94.2666,4.8 39.2498,80.0262,6 53.3165,42.6985,6 50.9731,74.9538,6 52.4572,25.3185,6 64.469,22.5329,6 33.6094,6.0066,6 91.4065,78.4237,6 92.825,18.0704,6 14.8248,73.7904,6 41.0715,51.7828,6 73.2068,34.1447,6 44.8574,91.2771,6 6.0286,6.03447,6 13.8222,15.1602,6 6.00527,41.4239,6 89.08,6.3928,6 71.8067,13.0419,6 32.9372,42.9605,6 6,89.5113,6 65.6544,51.9934,6 40.5745,23.5183,6 84.7129,54.2423,6 
fitness 0.0309834
15.7148,3.84,3.84 23.4039,3.84,3.84 43.3331,3.84,3.84 60.495,3.84,3.84 68.1932,3.87514,3.84 96.1557,3.84932,3.84 27.1499,17.1721,3.84 34.4262,15.8225,3.84 22.6287,23.3718,3.84 30.7313,23.9712,3.84 84.2956,23.5181,3.84 5.30784,70.0466,3.84 11.4539,33.2648,3.84 38.3164,33.1378,3.84 46.1685,33.9235,3.84 53.8063,33.12,3.84 86.0289,36.4527,3.84 93.9575,39.5557,3.84 16.1219,41.2255,3.84 23.7613,39.405,3.84 42.7156,40.8,3.84 71.8463,43.91,3.84 79.4562,42.8008,3.84 94.4362,48.7172,3.84 12.9803,48.3765,3.84 24.0021,47.084,3.84 41.1877,48.3269,3.84 48.275,54.8722,3.84 75.5062,50.6081,3.84 4.08043,62.3978,3.84 12.0027,56.1398,3.84 19.1083,53.0117,3.84 27.971,62.4,3.84 53.8396,61.7253,3.84 88.3444,69.0186,3.84 96.1187,69.649,3.84 22.7818,67.9977,3.84 11.7394,63.9256,3.84 57.7875,67.684,3.84 30.5502,84.7034,3.84 63.1404,91.8417,3.84 24.5428,75.7838,3.84 69.6675,83.6007,3.84 81.5306,78.3426,3.84 85.2224,86.3208,3.84 95.459,89.8504,3.84 16.2826,83.5256,3.84 93.3942,61.2456,4.8 62.4037,31.854,4.8 14.1677,25.0616,4.8 78.3925,4.80206,4.8 24.2733,12.425,4.8 35.8512,61.2395,4.8 45.2911,62.9801,4.8 75.5353,23.2072,4.8 64.8972,62.776,4.8 73.7543,59.0664,4.8 79.1723,94.3492,4.8 51.9061,4.9506,4.8 64.0268,41.3199,4.8 91.3149,28.8459,4.8 42.3712,12.426,4.8 19.6101,60.2304,4.8 41.0825,69.3768,4.8 51.7117,14.552,4.8 67.5457,72.7358,4.8 80.22,66.1617,4.8 5.06053,78.6906,4.8 31.5587,70.6363,4.8 4.80442,52.1511,4.8 20.0905,32.6153,4.8 29.693,32.6242,4.8 29.834,53.6125,4.8 61.0353,12.2719,4.8 82.4568,14.9452,4.8 54.9427,53.3735,4.8 4.85762,21.871,4.8 24.5455,91.0356,4.8 34.2789,94.1778,4.8 39.2502,80.0236,6 53.3165,42.6985,6 50.9701,74.9486,6 52.4457,25.3176,6 64.4698,22.535,6 33.6661,6.00468,6 91.4064,78.4151,6 92.8295,18.0845,6 14.8248,73.7913,6 41.0728,51.7848,6 73.2065,34.1508,6 45.6484,91.2648,6 6.02773,6.03359,6 13.8231,15.1609,6 6.00374,41.423,6 89.0802,6.40373,6 71.8069,13.0413,6 32.9374,42.9601,6 6,89.4889,6 65.6569,51.9923,6 40.5768,23.5186,6 84.7247,54.2733,6 
fitness 0.0309833
15.7088,3.84,3.84 23.4033,3.84,3.84 43.3317,3.84,3.84 60.4961,3.84,3.84 68.1909,3.87561,3.84 96.1567,3.849,3.84 27.1508,17.1676,3.84 34.4357,15.8223,3.84 22.6288,23.369,3.84 30.7298,23.9722,3.84 84.3123,23.5182,3.84 5.28167,70.0465,3.84 11.4565,33.2652,3.84 38.3193,33.128,3.84 46.1687,33.9237,3.84 53.805,33.12,3.84 86.1588,36.0258,3.84 93.9507,38.4754,3.84 16.1185,41.1609,3.84 23.7597,39.405,3.84 42.7469,40.8,3.84 71.8444,43.9116,3.84 79.4552,42.7997,3.84 94.8043,48.7208,3.84 12.9818,48.3767,3.84 24.0027,47.086,3.84 41.1845,48.3277,3.84 48.2747,54.8722,3.84 75.5062,50.6068,3.84 4.07949,62.2218,3.84 12.0028,56.1518,3.84 19.1081,53.0088,3.84 27.971,62.4,3.84 53.8393,61.7527,3.84 88.3443,69.0188,3.84 96.0918,69.6687,3.84 22.7824,67.9977,3.84 11.737,63.919,3.84 57.7848,67.6852,3.84 30.5502,84.7566,3.84 62.8326,91.7365,3.84 24.5434,75.8081,3.84 71.3419,82.4327,3.84 81.3995,78.353,3.84 85.3981,86.2974,3.84 95.4403,89.6831,3.84 16.2782,83.5252,3.84 93.3881,61.2551,4.8 62.4064,31.8623,4.8 14.1679,25.0636,4.8 78.3927,4.80206,4.8 24.2736,12.4237,4.8 35.8507,61.2397,4.8 45.2912,62.9794,4.8 75.4824,23.2074,4.8 64.8952,62.7784,4.8 73.7495,59.0657,4.8 79.2473,94.1826,4.8 51.9028,4.95066,4.8 64.0273,41.3193,4.8 91.9503,28.8456,4.8 42.3708,12.426,4.8 19.6138,60.2391,4.8 41.0757,69.3767,4.8 51.7118,14.5519,4.8 67.544,72.5644,4.8 80.2145,66.1616,4.8 4.95357,78.6916,4.8 31.5543,70.625,4.8 4.80425,52.1537,4.8 20.0892,32.6149,4.8 29.6926,32.6267,4.8 29.829,53.6123,4.8 61.0353,12.272,4.8 82.4547,14.9469,4.8 54.9409,53.3716,4.8 4.90292,21.7199,4.8 24.5215,91.0789,4.8 34.2474,94.1808,4.8 39.2449,80.0236,6 53.3165,42.6984,6 50.9815,74.9519,6 52.4557,25.3229,6 64.4697,22.5332,6 33.6427,6.00481,6 91.4012,78.3809,6 92.8183,18.0883,6 14.8248,73.7907,6 41.0718,51.784,6 73.2062,34.1605,6 45.1024,91.2031,6 6.02794,6.03318,6 13.8224,15.1597,6 6.00267,41.4235,6 89.0802,6.40362,6 71.8068,13.0417,6 32.9379,42.9588,6 6,89.5063,6 65.6553,51.9925,6 40.5729,23.5168,6 84.7191,54.255,6 
fitness 0.0309831
15.7095,3.84,3.84 23.4016,3.84,3.84 43.3335,3.84,3.84 60.49,3.84,3.84 68.1919,3.87547,3.84 96.1551,3.84913,3.84 27.1506,17.1699,3.84 34.4352,15.8224,3.84 22.6287,23.3694,3.84 30.7282,23.9693,3.84 84.3153,23.5179,3.84 5.24362,70.0471,3.84 11.4538,33.2601,3.84 38.3241,33.1239,3.84 46.1682,33.9234,3.84 53.8051,33.12,3.84 86.066,36.7322,3.84 93.9381,39.2997,3.84 16.1191,41.2004,3.84 23.7604,39.4053,3.84 42.7157,40.8,3.84 71.8454,43.9094,3.84 79.4534,42.7971,3.84 93.4945,48.7221,3.84 12.9806,48.3776,3.84 24.0008,47.0861,3.84 41.1887,48.327,3.84 48.2734,54.8723,3.84 75.5061,50.6083,3.84 4.07969,62.4105,3.84 12.0027,56.1469,3.84 19.1066,53.0127,3.84 27.9712,62.4,3.84 53.8394,61.7341,3.84 88.3442,69.0185,3.84 96.1035,69.6792,3.84 22.7817,67.9977,3.84 11.736,63.8899,3.84 57.7849,67.6827,3.84 30.5502,84.7209,3.84 62.3048,91.7747,3.84 24.5435,75.8025,3.84 67.472,82.2214,3.84 81.4297,78.3372,3.84 85.3233,86.3152,3.84 95.4337,89.7177,3.84 16.2606,83.5253,3.84 93.3881,61.2492,4.8 62.4067,31.8609,4.8 14.168,25.0636,4.8 78.3925,4.80199,4.8 24.2739,12.4244,4.8 35.8549,61.2393,4.8 45.2911,62.9796,4.8 75.5179,23.2448,4.8 64.8962,62.7796,4.8 73.7494,59.0668,4.8 79.1877,94.3852,4.8 51.9003,4.95116,4.8 64.0295,41.3192,4.8 91.8146,28.8468,4.8 42.371,12.4261,4.8 19.6084,60.2311,4.8 41.073,69.3768,4.8 51.7116,14.5519,4.8 67.5444,72.5319,4.8 80.2135,66.1601,4.8 4.9889,78.6922,4.8 31.553,70.6411,4.8 4.80424,52.1542,4.8 20.0902,32.6151,4.8 29.6923,32.617,4.8 29.8336,53.6108,4.8 61.0353,12.2718,4.8 82.4572,14.9546,4.8 54.9549,53.3731,4.8 4.90361,21.8335,4.8 24.5093,91.1408,4.8 34.3007,94.4357,4.8 39.2429,80.0232,6 53.3168,42.6985,6 50.9789,74.9555,6 52.4665,25.3237,6 64.4697,22.5321,6 33.6372,6.00574,6 91.4016,78.4146,6 92.8151,18.0658,6 14.8248,73.7906,6 41.0749,51.7836,6 73.2033,34.1563,6 45.4401,91.1175,6 6.02845,6.0347,6 13.8223,15.1591,6 6.00668,41.4235,6 89.08,6.39308,6 71.807,13.0416,6 32.9373,42.9599,6 6,89.4831,6 65.6524,51.9918,6 40.5741,23.5186,6 84.6984,54.2701,6 
fitness 0.0309829
15.7176,3.84,3.84 23.4042,3.84,3.84 43.3305,3.84,3.84 60.4955,3.84,3.84 68.2006,3.87532,3.84 96.1556,3.84944,3.84 27.1506,17.1691,3.84 34.4383,15.8224,3.84 22.6291,23.3699,3.84 30.7307,23.9728,3.84 84.341,23.5185,3.84 5.32258,70.0458,3.84 11.454,33.2601,3.84 38.3226,33.1064,3.84 46.1681,33.923,3.84 53.8063,33.12,3.84 86.0657,36.6957,3.84 93.9542,39.0347,3.84 16.1188,41.2036,3.84 23.7637,39.405,3.84 42.7103,40.8,3.84 71.8547,43.9116,3.84 79.4546,42.8114,3.84 93.6689,48.7199,3.84 12.9708,48.3822,3.84 24.0016,47.0856,3.84 41.1924,48.3272,3.84 48.277,54.8723,3.84 75.5061,50.6105,3.84 4.07984,62.3803,3.84 12.0027,56.1419,3.84 19.0916,53.007,3.84 27.976,62.4,3.84 53.8395,61.7348,3.84 88.3444,69.0188,3.84 96.113,69.6743,3.84 22.7821,67.9978,3.84 11.7528,63.9087,3.84 57.7872,67.6851,3.84 30.5502,84.7261,3.84 63.2775,91.6453,3.84 24.5446,75.8145,3.84 71.4052,82.4024,3.84 81.555,78.3034,3.84 85.3398,86.2924,3.84 95.442,89.8828,3.84 16.2805,83.5257,3.84 93.3872,61.2532,4.8 62.4064,31.8693,4.8 14.1676,25.0613,4.8 78.3927,4.8015,4.8 24.2729,12.4251,4.8 35.8543,61.2397,4.8 45.2912,62.9812,4.8 75.5124,23.2756,4.8 64.8962,62.7765,4.8 73.7527,59.0656,4.8 79.1852,94.3198,4.8 51.8971,4.95071,4.8 64.0278,41.3187,4.8 91.7797,28.8473,4.8 42.3708,12.4259,4.8 19.6051,60.2308,4.8 41.0809,69.3767,4.8 51.7117,14.552,4.8 67.5422,72.6098,4.8 80.2148,66.1616,4.8 4.98187,78.6912,4.8 31.5342,70.6562,4.8 4.80427,52.154,4.8 20.0925,32.6156,4.8 29.6928,32.5858,4.8 29.8365,53.6136,4.8 61.0351,12.2719,4.8 82.451,14.943,4.8 54.9485,53.3723,4.8 4.95351,21.7711,4.8 24.5154,91.378,4.8 34.4608,94.2031,4.8 39.2556,80.0293,6 53.3165,42.6985,6 50.9673,74.9469,6 52.45,25.3196,6 64.4697,22.5328,6 33.6512,6.00587,6 91.4022,78.3884,6 92.8205,18.0575,6 14.8248,73.7905,6 41.0725,51.7852,6 73.2074,34.1476,6 45.1437,91.2844,6 6.02813,6.03185,6 13.8227,15.1602,6 6.00441,41.4235,6 89.08,6.39664,6 71.8073,13.0419,6 32.939,42.9605,6 6,89.4974,6 65.6504,51.9922,6 40.5745,23.518,6 84.6922,54.2899,6 
fitness 0.0309829
15.7143,3.84,3.84 23.4014,3.84,3.84 43.3323,3.84,3.84 60.4905,3.84,3.84 68.1863,3.87513,3.84 96.1571,3.84965,3.84 27.1502,17.1657,3.84 34.4364,15.8223,3.84 22.6292,23.3693,3.84 30.7288,23.9734,3.84 84.3257,23.518,3.84 5.42241,70.0471,3.84 11.4505,33.2615,3.84 38.3227,33.1111,3.84 46.1675,33.9233,3.84 53.809,33.12,3.84 86.2781,36.5352,3.84 93.9445,39.4468,3.84 16.1199,41.1783,3.84 23.7594,39.4048,3.84 42.7229,40.8,3.84 71.8517,43.9117,3.84 79.4603,42.798,3.84 93.3734,48.7202,3.84 12.9728,48.3804,3.84 24.0012,47.0878,3.84 41.195,48.3268,3.84 48.2708,54.8722,3.84 75.5061,50.6087,3.84 4.08019,62.364,3.84 12.0027,56.1832,3.84 19.1091,53.0113,3.84 27.9728,62.4,3.84 53.8394,61.7274,3.84 88.3445,69.0185,3.84 96.1361,69.6654,3.84 22.782,67.9978,3.84 11.7306,63.884,3.84 57.7852,67.6834,3.84 30.5502,84.7117,3.84 62.7543,91.1292,3.84 24.5472,75.8328,3.84 71.0065,81.8424,3.84 81.3865,78.3733,3.84 85.3186,86.2907,3.84 95.498,89.7657,3.84 16.2846,83.5256,3.84 93.3941,61.2489,4.8 62.4073,31.8701,4.8 14.1683,25.0643,4.8 78.3925,4.80188,4.8 24.2796,12.4228,4.8 35.8535,61.2393,4.8 45.291,62.9763,4.8 75.494,23.34,4.8 64.8965,62.7777,4.8 73.7499,59.065,4.8 79.273,94.5132,4.8 51.9224,4.95292,4.8 64.0294,41.3242,4.8 91.577,28.8492,4.8 42.3711,12.426,4.8 19.61,60.2313,4.8 41.0686,69.3766,4.8 51.712,14.5519,4.8 67.5442,72.5579,4.8 80.2153,66.1606,4.8 4.99566,78.6915,4.8 31.5483,70.6704,4.8 4.80444,52.1523,4.8 20.0925,32.6163,4.8 29.6925,32.5928,4.8 29.8272,53.6118,4.8 61.0353,12.2718,4.8 82.4562,14.9505,4.8 54.9619,53.3721,4.8 4.91944,21.5815,4.8 24.5014,91.4432,4.8 34.2464,94.2784,4.8 39.253,80.0248,6 53.3164,42.6985,6 50.9754,74.9617,6 52.4556,25.3202,6 64.4697,22.5313,6 33.6365,6.0058,6 91.4029,78.3926,6 92.8297,18.067,6 14.8248,73.7913,6 41.0733,51.7856,6 73.2041,34.1731,6 45.0434,91.2156,6 6.02824,6.03091,6 13.8226,15.161,6 6.00083,41.4234,6 89.08,6.39135,6 71.8068,13.0407,6 32.9362,42.9594,6 6,89.516,6 65.6558,51.9933,6 40.574,23.5179,6 84.7161,54.2809,6 
fitness 0.0309827
15.7118,3.84,3.84 23.4039,3.84,3.84 43.3322,3.84,3.84 60.4879,3.84,3.84 68.1933,3.87524,3.84 96.1564,3.84938,3.84 27.1506,17.1652,3.84 34.4312,15.8224,3.84 22.6291,23.3715,3.84 30.7309,23.9732,3.84 84.2958,23.5179,3.84 5.30148,70.0466,3.84 11.4581,33.264,3.84 38.3167,33.1324,3.84 46.1676,33.922,3.84 53.8078,33.12,3.84 86.0238,36.3084,3.84 93.9567,38.4952,3.84 16.1186,41.2135,3.84 23.7584,39.4055,3.84 42.7325,40.8,3.84 71.8536,43.9098,3.84 79.4532,42.8027,3.84 94.4455,48.7176,3.84 12.977,48.3807,3.84 24.0023,47.0855,3.84 41.1905,48.3274,3.84 48.2751,54.8722,3.84 75.5062,50.6068,3.84 4.07991,62.2273,3.84 12.0027,56.1524,3.84 19.1095,53.0101,3.84 27.9713,62.4,3.84 53.8396,61.7258,3.84 88.3444,69.0188,3.84 96.1209,69.6307,3.84 22.7825,67.9978,3.84 11.7106,63.9354,3.84 57.7866,67.6842,3.84 30.5503,84.7139,3.84 62.8997,91.7608,3.84 24.5456,75.8131,3.84 72.2808,81.7595,3.84 81.1047,78.3573,3.84 85.3107,86.3276,3.84 95.4455,89.8497,3.84 16.2787,83.5256,3.84 93.3932,61.2464,4.8 62.4038,31.8501,4.8 14.1677,25.0639,4.8 78.3929,4.80156,4.8 24.2732,12.4252,4.8 35.851,61.2392,4.8 45.2911,62.982,4.8 75.5207,23.21,4.8 64.8942,62.7734,4.8 73.7498,59.0656,4.8 79.2146,94.3101,4.8 51.9135,4.95085,4.8 64.0269,41.3183,4.8 91.2509,28.8455,4.8 42.371,12.4261,4.8 19.6026,60.2302,4.8 41.0783,69.3768,4.8 51.712,14.5519,4.8 67.5436,72.3656,4.8 80.2092,66.1617,4.8 5.05386,78.6896,4.8 31.5385,70.6857,4.8 4.80443,52.1508,4.8 20.0905,32.6165,4.8 29.6928,32.6196,4.8 29.835,53.6127,4.8 61.0353,12.2719,4.8 82.4571,14.9454,4.8 54.9586,53.3732,4.8 5.01075,21.848,4.8 24.5098,91.0829,4.8 34.2318,94.0662,4.8 39.2582,80.0235,6 53.3165,42.6985,6 50.9628,74.9497,6 52.4467,25.3197,6 64.4698,22.532,6 33.69,6.00598,6 91.4023,78.4073,6 92.8259,18.0755,6 14.8248,73.7908,6 41.0756,51.7837,6 73.2068,34.1453,6 45.377,91.0204,6 6.02711,6.03136,6 13.8233,15.1609,6 6.00677,41.4241,6 89.0802,6.40244,6 71.8067,13.042,6 32.9373,42.9594,6 6,89.5009,6 65.6577,51.9921,6 40.5748,23.5184,6 84.7251,54.269,6 
fitness 0.0309825
15.7,3.84,3.84 23.4029,3.84,3.84 43.332,3.84,3.84 60.4857,3.84,3.84 68.1881,3.87331,3.84 96.1566,3.8493,3.84 27.1499,17.1663,3.84 34.44,15.8223,3.84 22.6288,23.3743,3.84 30.7307,23.9728,3.84 84.3,23.5182,3.84 5.36154,70.0453,3.84 11.456,33.2629,3.84 38.319,33.164,3.84 46.1694,33.9241,3.84 53.8059,33.12,3.84 86.0727,36.9113,3.84 93.9681,39.6409,3.84 16.1205,41.2336,3.84 23.7594,39.405,3.84 42.7113,40.8,3.84 71.8465,43.9171,3.84 79.4543,42.797,3.84 94.6422,48.7187,3.84 12.9807,48.3792,3.84 24.0013,47.0865,3.84 41.1884,48.3275,3.84 48.2796,54.8722,3.84 75.5062,50.6065,3.84 4.07993,62.3976,3.84 12.0028,56.1346,3.84 19.115,53.0099,3.84 27.9696,62.4,3.84 53.8397,61.7561,3.84 88.3445,69.0187,3.84 96.1591,69.6664,3.84 22.7819,67.9978,3.84 11.7168,63.8729,3.84 57.7847,67.6844,3.84 30.5502,84.7146,3.84 61.715,91.4084,3.84 24.5438,75.8054,3.84 70.621,84.2698,3.84 81.4401,78.3738,3.84 85.2588,86.3795,3.84 95.4486,89.7664,3.84 16.287,83.5256,3.84 93.3951,61.2541,4.8 62.4046,31.8677,4.8 14.1687,25.0615,4.8 78.3927,4.8021,4.8 24.2728,12.4188,4.8 35.8518,61.2364,4.8 45.2911,62.9789,4.8 75.4874,23.3529,4.8 64.8961,62.7809,4.8 73.7492,59.0676,4.8 79.208,94.3098,4.8 51.9126,4.95114,4.8 64.0267,41.3189,4.8 91.5786,28.8461,4.8 42.3709,12.4259,4.8 19.6081,60.2323,4.8 41.0696,69.3766,4.8 51.7116,14.5519,4.8 67.5457,72.5773,4.8 80.215,66.161,4.8 5.02224,78.6916,4.8 31.5532,70.6804,4.8 4.80349,52.1524,4.8 20.0894,32.6156,4.8 29.693,32.625,4.8 29.8306,53.6108,4.8 61.0355,12.2717,4.8 82.4552,14.945,4.8 54.9395,53.3708,4.8 4.86431,21.8702,4.8 24.5184,91.177,4.8 34.2538,93.9092,4.8 39.2512,80.0238,6 53.3164,42.6984,6 51.0085,74.9682,6 52.4559,25.3197,6 64.4693,22.5308,6 33.6761,6.00592,6 91.4027,78.4159,6 92.823,18.0287,6 14.8248,73.7875,6 41.0736,51.7828,6 73.2059,34.1711,6 46.8365,91.0814,6 6.02845,6.03828,6 13.8226,15.161,6 6.00514,41.4237,6 89.08,6.39317,6 71.8068,13.0411,6 32.9351,42.9623,6 6,89.482,6 65.6535,51.9919,6 40.5733,23.5169,6 84.7399,54.2437,6 
fitness 0.0309823
15.7084,3.84,3.84 23.405,3.84,3.84 43.3326,3.84,3.84 60.4957,3.84,3.84 68.1854,3.87505,3.84 96.1556,3.84948,3.84 27.1507,17.1706,3.84 34.4361,15.8222,3.84 22.6284,23.3705,3.84 30.7306,23.9762,3.84 84.2928,23.5183,3.84 5.30404,70.0473,3.84 11.454,33.2595,3.84 38.3209,33.1014,3.84 46.1687,33.9225,3.84 53.806,33.12,3.84 86.0894,37.1236,3.84 93.9501,38.6066,3.84 16.1189,41.2163,3.84 23.7596,39.4049,3.84 42.7115,40.8,3.84 71.8464,43.8891,3.84 79.4562,42.7617,3.84 93.7192,48.7183,3.84 12.9791,48.3817,3.84 24.0017,47.0899,3.84 41.192,48.3242,3.84 48.2764,54.8722,3.84 75.5061,50.6099,3.84 4.07984,62.4267,3.84 12.0028,56.1433,3.84 19.0982,53.0127,3.84 27.9768,62.4,3.84 53.8395,61.7284,3.84 88.3443,69.0187,3.84 96.1031,69.6361,3.84 22.782,67.9978,3.84 11.746,63.8963,3.84 57.786,67.6851,3.84 30.5502,84.7284,3.84 62.2199,93.4998,3.84 24.5471,75.8083,3.84 72.5873,83.4113,3.84 81.5071,78.2926,3.84 85.3482,86.2953,3.84 95.3792,89.8555,3.84 16.2814,83.5256,3.84 93.4062,61.2619,4.8 62.4066,31.8558,4.8 14.1686,25.0616,4.8 78.3927,4.80244,4.8 24.2763,12.4244,4.8 35.8531,61.241,4.8 45.291,62.9822,4.8 75.5106,23.2038,4.8 64.8971,62.7785,4.8 73.7536,59.0662,4.8 79.1938,94.3283,4.8 51.9092,4.95059,4.8 64.0286,41.3222,4.8 91.5881,28.8474,4.8 42.3707,12.4264,4.8 19.6082,60.231,4.8 41.0836,69.3766,4.8 51.7113,14.5519,4.8 67.5404,72.6701,4.8 80.2139,66.1614,4.8 4.99064,78.6912,4.8 31.5467,70.6274,4.8 4.80434,52.1518,4.8 20.0907,32.6146,4.8 29.6928,32.5908,4.8 29.8325,53.6154,4.8 61.0352,12.2721,4.8 82.4518,14.9443,4.8 54.9509,53.3742,4.8 4.89039,21.819,4.8 24.5244,91.0948,4.8 34.3552,94.414,4.8 39.2604,80.0262,6 53.3165,42.699,6 50.9663,74.9424,6 52.4498,25.3181,6 64.4698,22.5329,6 33.6597,6.00605,6 91.4037,78.4099,6 92.8261,18.0574,6 14.8248,73.7913,6 41.0714,51.7849,6 73.2073,34.1405,6 45.1315,91.2668,6 6.02868,6.03466,6 13.8225,15.1599,6 6.00465,41.4236,6 89.08,6.39797,6 71.8073,13.0422,6 32.9367,42.961,6 6,89.4923,6 65.6518,51.9936,6 40.5748,23.5179,6 84.6903,54.2683,6 
fitness 0.0309821
15.7166,3.84,3.84 23.4052,3.84,3.84 43.3313,3.84,3.84 60.4931,3.84,3.84 68.1865,3.87524,3.84 96.1554,3.84918,3.84 27.1507,17.1718,3.84 34.437,15.8223,3.84 22.6292,23.3698,3.84 30.7307,23.965,3.84 84.2956,23.5184,3.84 5.32008,70.0467,3.84 11.4537,33.2558,3.84 38.3214,33.1304,3.84 46.1687,33.9228,3.84 53.8061,33.12,3.84 86.1095,36.684,3.84 93.9509,39.0405,3.84 16.1188,41.1896,3.84 23.7622,39.405,3.84 42.7111,40.8,3.84 71.8571,43.8907,3.84 79.4519,42.7765,3.84 93.8046,48.721,3.84 12.9786,48.3808,3.84 24.0016,47.0866,3.84 41.1902,48.325,3.84 48.2761,54.8723,3.84 75.5061,50.6098,3.84 4.07984,62.4073,3.84 12.0027,56.141,3.84 19.1018,53.0126,3.84 27.9763,62.4,3.84 53.8396,61.7442,3.84 88.3445,69.0185,3.84 96.1187,69.6328,3.84 22.782,67.9978,3.84 11.7468,63.8775,3.84 57.7857,67.685,3.84 30.5502,84.72,3.84 62.2021,93.506,3.84 24.5443,75.8013,3.84 68.9497,83.8381,3.84 81.5067,78.293,3.84 85.3431,86.2906,3.84 95.3751,89.8729,3.84 16.2945,83.5258,3.84 93.3879,61.244,4.8 62.4072,31.862,4.8 14.1683,25.0619,4.8 78.3928,4.80237,4.8 24.2737,12.4249,4.8 35.8535,61.2406,4.8 45.291,62.9808,4.8 75.5199,23.2784,4.8 64.897,62.7788,4.8 73.7498,59.0655,4.8 79.1573,94.1635,4.8 51.9139,4.95091,4.8 64.0301,41.3215,4.8 91.8304,28.8473,4.8 42.3709,12.426,4.8 19.6086,60.2334,4.8 41.084,69.3766,4.8 51.7115,14.5519,4.8 67.542,72.474,4.8 80.2152,66.1618,4.8 4.98239,78.6913,4.8 31.5413,70.627,4.8 4.80444,52.1516,4.8 20.0888,32.6149,4.8 29.6929,32.6356,4.8 29.8356,53.6101,4.8 61.0353,12.2717,4.8 82.4533,14.9472,4.8 54.9453,53.3727,4.8 4.89508,21.8072,4.8 24.5295,91.1322,4.8 34.3657,94.2194,4.8 39.2591,80.0275,6 53.3165,42.6984,6 50.9744,74.9376,6 52.4517,25.3213,6 64.4697,22.533,6 33.6748,6.00673,6 91.4042,78.4189,6 92.8242,18.0382,6 14.8248,73.7906,6 41.0712,51.7852,6 73.2041,34.1491,6 45.0644,91.2693,6 6.02816,6.03401,6 13.8226,15.1601,6 6.00436,41.4236,6 89.08,6.39474,6 71.8072,13.0419,6 32.939,42.9627,6 6,89.4778,6 65.6514,51.9926,6 40.5749,23.518,6 84.6803,54.2976,6 
fitness 0.0309817
15.7176,3.84,3.84 23.4043,3.84,3.84 43.3326,3.84,3.84 60.4941,3.84,3.84 68.1859,3.87491,3.84 96.1565,3.84946,3.84 27.1501,17.1691,3.84 34.438,15.8224,3.84 22.6288,23.3704,3.84 30.7306,23.9731,3.84 84.3317,23.5173,3.84 5.32302,70.0467,3.84 11.4541,33.2599,3.84 38.3262,33.1116,3.84 46.1681,33.9231,3.84 53.8063,33.12,3.84 86.0598,36.3577,3.84 93.9542,39.0269,3.84 16.1184,41.2068,3.84 23.7615,39.4049,3.84 42.7144,40.8,3.84 71.8474,43.9014,3.84 79.4519,42.788,3.84 93.6014,48.722,3.84 12.97,48.3832,3.84 24.0016,47.0841,3.84 41.1904,48.3264,3.84 48.277,54.8723,3.84 75.5061,50.6115,3.84 4.07971,62.1628,3.84 12.0027,56.1505,3.84 19.0931,53.0083,3.84 27.9741,62.4,3.84 53.8395,61.7315,3.84 88.3444,69.0188,3.84 96.1124,69.6835,3.84 22.7821,67.9977,3.84 11.7477,63.9138,3.84 57.7861,67.6852,3.84 30.5502,84.7199,3.84 63.1433,91.649,3.84 24.5443,75.8148,3.84 72.5716,82.3966,3.84 81.5506,78.3567,3.84 85.3399,86.2918,3.84 95.4394,89.8654,3.84 16.3002,83.5256,3.84 93.3871,61.2551,4.8 62.4065,31.8696,4.8 14.1685,25.0613,4.8 78.3927,4.80305,4.8 24.2747,12.4245,4.8 35.8541,61.2381,4.8 45.2912,62.9795,4.8 75.5161,23.2632,4.8 64.8948,62.7764,4.8 73.7527,59.0657,4.8 79.1873,94.375,4.8 51.9024,4.95072,4.8 64.0276,41.3195,4.8 92.1464,28.8466,4.8 42.3708,12.4259,4.8 19.6067,60.2308,4.8 41.0808,69.3767,4.8 51.7119,14.552,4.8 67.5425,72.5918,4.8 80.2167,66.1616,4.8 4.96736,78.6912,4.8 31.537,70.7068,4.8 4.80427,52.1535,4.8 20.0927,32.6156,4.8 29.6929,32.5925,4.8 29.8351,53.6124,4.8 61.0351,12.2718,4.8 82.4509,14.9405,4.8 54.9506,53.3723,4.8 4.95184,21.8475,4.8 24.5136,91.3713,4.8 34.1686,94.2747,4.8 39.2533,80.0266,6 53.3165,42.6984,6 50.9695,74.9466,6 52.4495,25.3199,6 64.4695,22.532,6 33.6571,6.0055,6 91.4015,78.3934,6 92.8312,18.057,6 14.8248,73.7905,6 41.0742,51.7846,6 73.2066,34.1693,6 45.1559,91.3057,6 6.02901,6.03202,6 13.8229,15.1603,6 6.00399,41.4234,6 89.0802,6.39993,6 71.8071,13.042,6 32.9392,42.9586,6 6,89.4984,6 65.6603,51.9917,6 40.5746,23.5184,6 84.6853,54.2593,6 
fitness 0.0309816
15.7006,3.84,3.84 23.4034,3.84,3.84 43.3359,3.84,3.84 60.4801,3.84,3.84 68.1929,3.87445,3.84 96.1555,3.84941,3.84 27.1503,17.1632,3.84 34.435,15.8222,3.84 22.6284,23.372,3.84 30.7308,23.965,3.84 84.2997,23.5185,3.84 5.44534,70.0458,3.84 11.4537,33.2593,3.84 38.3163,33.137,3.84 46.1684,33.9228,3.84 53.8059,33.12,3.84 86.1518,36.9609,3.84 93.9689,40.4716,3.84 16.1231,41.2139,3.84 23.7601,39.4055,3.84 42.7029,40.8,3.84 71.845,43.9162,3.84 79.4475,42.8034,3.84 94.2408,48.7182,3.84 12.9786,48.3807,3.84 24.0019,47.0858,3.84 41.1879,48.328,3.84 48.2739,54.8723,3.84 75.5063,50.6091,3.84 4.07995,62.2313,3.84 12.003,56.1652,3.84 19.1116,53.0137,3.84 27.9702,62.4,3.84 53.8393,61.7502,3.84 88.3443,69.0187,3.84 96.0811,69.6695,3.84 22.782,67.9977,3.84 11.7273,63.9133,3.84 57.7843,67.683,3.84 30.5502,84.7131,3.84 62.3653,91.7516,3.84 24.5437,75.8114,3.84 71.6811,83.9357,3.84 81.4976,78.3492,3.84 85.3844,86.3132,3.84 95.4491,89.8129,3.84 16.2802,83.5255,3.84 93.3978,61.2528,4.8 62.406,31.8635,4.8 14.1661,25.0627,4.8 78.3926,4.80191,4.8 24.2773,12.4254,4.8 35.8524,61.2396,4.8 45.2911,62.9804,4.8 75.4765,23.2024,4.8 64.8956,62.7775,4.8 73.752,59.0662,4.8 79.1991,94.409,4.8 51.9077,4.95128,4.8 64.0285,41.3188,4.8 91.6679,28.8474,4.8 42.3708,12.4261,4.8 19.6065,60.2314,4.8 41.0676,69.3768,4.8 51.7118,14.5518,4.8 67.5449,72.4061,4.8 80.2137,66.1611,4.8 4.99678,78.691,4.8 31.552,70.6653,4.8 4.80409,52.15,4.8 20.0913,32.6149,4.8 29.6924,32.6057,4.8 29.8136,53.6119,4.8 61.0354,12.2716,4.8 82.4603,14.9342,4.8 54.9469,53.3732,4.8 5.08746,21.8122,4.8 24.5158,91.2817,4.8 34.2397,94.2578,4.8 39.2454,80.0288,6 53.3169,42.6984,6 50.9804,74.9523,6 52.4547,25.3216,6 64.4689,22.5316,6 33.6389,6.00511,6 91.4014,78.3879,6 92.8227,18.0344,6 14.8248,73.7914,6 41.0732,51.7822,6 73.2052,34.1694,6 44.7543,91.276,6 6.02966,6.03758,6 13.8233,15.161,6 6.00439,41.4237,6 89.08,6.39131,6 71.8069,13.0419,6 32.9377,42.9614,6 6,89.5019,6 65.6572,51.992,6 40.5704,23.5177,6 84.7108,54.28,6 
fitness 0.0309815
15.7144,3.84,3.84 23.4052,3.84,3.84 43.3329,3.84,3.84 60.4951,3.84,3.84 68.1867,3.875,3.84 96.1555,3.8496,3.84 27.1507,17.1705,3.84 34.4359,15.8223,3.84 22.629,23.3695,3.84 30.7308,23.9743,3.84 84.2948,23.5183,3.84 5.32327,70.0475,3.84 11.4539,33.256,3.84 38.3215,33.1098,3.84 46.1687,33.9229,3.84 53.806,33.12,3.84 86.1046,36.9706,3.84 93.9501,38.7866,3.84 16.1188,41.2132,3.84 23.7631,39.405,3.84 42.7109,40.8,3.84 71.8467,43.891,3.84 79.4572,42.7678,3.84 93.7371,48.7219,3.84 12.9785,48.3808,3.84 24.0016,47.088,3.84 41.1921,48.3251,3.84 48.2762,54.8723,3.84 75.5061,50.6099,3.84 4.07984,62.4257,3.84 12.0028,56.14,3.84 19.0983,53.0126,3.84 27.9769,62.4,3.84 53.8396,61.7488,3.84 88.3443,69.0186,3.84 96.1028,69.6352,3.84 22.782,67.9978,3.84 11.746,63.902,3.84 57.7857,67.685,3.84 30.5502,84.7253,3.84 62.225,93.5009,3.84 24.5481,75.7992,3.84 68.8099,83.3588,3.84 81.5071,78.2931,3.84 85.3507,86.2911,3.84 95.3791,89.8534,3.84 16.2912,83.5256,3.84 93.382,61.2476,4.8 62.4075,31.8583,4.8 14.1684,25.0616,4.8 78.3928,4.80244,4.8 24.277,12.4246,4.8 35.8536,61.241,4.8 45.291,62.9802,4.8 75.5232,23.2571,4.8 64.8971,62.7784,4.8 73.75,59.0657,4.8 79.187,94.1,4.8 51.9128,4.95099,4.8 64.0306,41.3225,4.8 91.6274,28.8473,4.8 42.3706,12.4259,4.8 19.6081,60.2328,4.8 41.084,69.3766,4.8 51.7115,14.5518,4.8 67.5399,72.4291,4.8 80.214,66.1619,4.8 4.98354,78.6911,4.8 31.548,70.6275,4.8 4.80448,52.1516,4.8 20.0901,32.6148,4.8 29.6929,32.5774,4.8 29.8314,53.6116,4.8 61.0352,12.2722,4.8 82.4529,14.9442,4.8 54.9532,53.3745,4.8 4.89379,21.8146,4.8 24.5308,91.0856,4.8 34.3551,94.314,4.8 39.2606,80.0263,6 53.3165,42.6987,6 50.9694,74.9355,6 52.4513,25.3185,6 64.4697,22.533,6 33.6606,6.00576,6 91.4043,78.4098,6 92.8255,18.0357,6 14.8248,73.7905,6 41.0713,51.7853,6 73.2051,34.1394,6 45.1203,91.2702,6 6.02799,6.03398,6 13.8225,15.1598,6 6.0045,41.4236,6 89.08,6.39621,6 71.8072,13.0418,6 32.9371,42.9616,6 6,89.4866,6 65.6514,51.994,6 40.5748,23.5178,6 84.6912,54.2735,6 
fitness 0.0309814
