100
100
17
3
5 5 7 
14 11.2 8.96 
0.68
25
31.887,51.2333,14 25.861,86,14 14.0139,29.6785,14 54.0337,22.152,14 86,85.101,14 31.267,11.2,11.2 77.588,31.654,11.2 61.074,88.8,11.2 46.6991,71.6209,11.2 56.772,47.258,11.2 91.039,62.6988,8.96 91.039,16.5075,8.96 76.7315,51.9007,8.96 8.96,70.4486,8.96 73.986,10.7582,8.96 8.96,52.467,8.96 66.948,67.0661,8.96 
fitness 666.016
31.887,51.2332,14 25.861,86,14 14.0144,29.6786,14 54.0335,22.152,14 86,85.101,14 31.267,11.2,11.2 77.588,31.6541,11.2 61.074,88.8,11.2 46.699,71.621,11.2 56.7724,47.258,11.2 91.039,62.6987,8.96 91.039,16.5028,8.96 76.7315,51.9008,8.96 8.96,70.4485,8.96 73.986,10.7576,8.96 8.96,52.467,8.96 66.948,67.0661,8.96 
fitness 666.016
31.8871,51.2334,14 25.861,86,14 14.0138,29.6785,14 54.0336,22.152,14 86,85.101,14 31.267,11.2,11.2 77.588,31.6537,11.2 61.074,88.8,11.2 46.6988,71.621,11.2 56.7727,47.258,11.2 91.039,62.6994,8.96 91.039,16.5047,8.96 76.7319,51.9014,8.96 8.96,70.4476,8.96 73.986,10.7583,8.96 8.96,52.467,8.96 66.948,67.0661,8.96 
fitness 666.016
31.8872,51.2332,14 25.861,86,14 14.0138,29.6792,14 54.0336,22.152,14 86,85.101,14 31.267,11.2,11.2 77.588,31.6537,11.2 61.074,88.8,11.2 46.6989,71.621,11.2 56.7724,47.258,11.2 91.039,62.6988,8.96 91.039,16.4761,8.96 76.7315,51.9007,8.96 8.96,70.4483,8.96 73.986,10.7577,8.96 8.96,52.467,8.96 66.948,67.0662,8.96 
fitness 666.016
31.8871,51.2332,14 25.861,86,14 14.0141,29.6789,14 54.0336,22.152,14 86,85.101,14 31.267,11.2,11.2 77.588,31.6543,11.2 61.074,88.8,11.2 46.6989,71.621,11.2 56.7724,47.258,11.2 91.039,62.6983,8.96 91.039,16.4839,8.96 76.7318,51.9014,8.96 8.96,70.4485,8.96 73.986,10.7607,8.96 8.96,52.467,8.96 66.948,67.066,8.96 
fitness 666.016
31.887,51.2333,14 25.861,86,14 14.0139,29.6789,14 54.0333,22.152,14 86,85.101,14 31.267,11.2,11.2 77.588,31.6545,11.2 61.074,88.8,11.2 46.6989,71.621,11.2 56.7724,47.258,11.2 91.039,62.6985,8.96 91.039,16.5202,8.96 76.7316,51.9032,8.96 8.96,70.4478,8.96 73.986,10.7559,8.96 8.96,52.467,8.96 66.948,67.0662,8.96 
fitness 666.016
31.8869,51.2333,14 25.861,86,14 14.0138,29.6786,14 54.0338,22.152,14 86,85.101,14 31.267,11.2,11.2 77.588,31.6537,11.2 61.074,88.8,11.2 46.6989,71.6209,11.2 56.7725,47.258,11.2 91.039,62.6996,8.96 91.039,16.5031,8.96 76.7315,51.9011,8.96 8.96,70.448,8.96 73.986,10.7582,8.96 8.96,52.467,8.96 66.948,67.0661,8.96 
fitness 666.016
31.887,51.2332,14 25.861,86,14 14.0141,29.6788,14 54.0335,22.152,14 86,85.101,14 31.267,11.2,11.2 77.588,31.6541,11.2 61.074,88.8,11.2 46.6989,71.6211,11.2 56.7725,47.2581,11.2 91.039,62.6984,8.96 91.039,16.4843,8.96 76.7317,51.9014,8.96 8.96,70.448,8.96 73.986,10.7566,8.96 8.96,52.467,8.96 66.948,67.066,8.96 
fitness 666.016
31.8872,51.2333,14 25.861,86,14 14.0139,29.679,14 54.0336,22.152,14 86,85.101,14 31.267,11.2,11.2 77.588,31.6542,11.2 61.074,88.8,11.2 46.6989,71.621,11.2 56.7723,47.258,11.2 91.039,62.6989,8.96 91.039,16.4821,8.96 76.7317,51.9016,8.96 8.96,70.4484,8.96 73.986,10.7607,8.96 8.96,52.467,8.96 66.948,67.0661,8.96 
fitness 666.016
31.8869,51.2332,14 25.861,86,14 14.0141,29.679,14 54.0339,22.152,14 86,85.101,14 31.267,11.2,11.2 77.588,31.6542,11.2 61.074,88.8,11.2 46.6989,71.621,11.2 56.7725,47.258,11.2 91.039,62.6987,8.96 91.039,16.4896,8.96 76.7318,51.901,8.96 8.96,70.4482,8.96 73.986,10.7595,8.96 8.96,52.467,8.96 66.948,67.066,8.96 
fitness 666.016
31.8869,51.2333,14 25.861,86,14 14.0142,29.6786,14 54.0338,22.152,14 86,85.101,14 31.267,11.2,11.2 77.588,31.654,11.2 61.074,88.8,11.2 46.6989,71.6209,11.2 56.7725,47.258,11.2 91.039,62.6998,8.96 91.039,16.4979,8.96 76.7315,51.9014,8.96 8.96,70.448,8.96 73.986,10.7583,8.96 8.96,52.467,8.96 66.948,67.066,8.96 
fitness 666.016
31.8869,51.2333,14 25.861,86,14 14.0142,29.6788,14 54.0335,22.152,14 86,85.101,14 31.267,11.2,11.2 77.588,31.6541,11.2 61.074,88.8,11.2 46.6989,71.621,11.2 56.7725,47.2581,11.2 91.039,62.6999,8.96 91.039,16.4844,8.96 76.7316,51.9012,8.96 8.96,70.448,8.96 73.986,10.7567,8.96 8.96,52.467,8.96 66.948,67.0661,8.96 
fitness 666.016
31.8873,51.2333,14 25.861,86,14 14.0138,29.679,14 54.0336,22.152,14 86,85.101,14 31.267,11.2,11.2 77.588,31.6542,11.2 61.074,88.8,11.2 46.6989,71.621,11.2 56.7723,47.258,11.2 91.039,62.6987,8.96 91.039,16.4829,8.96 76.7317,51.9015,8.96 8.96,70.4485,8.96 73.986,10.7582,8.96 8.96,52.467,8.96 66.948,67.066,8.96 
fitness 666.016
31.887,51.2333,14 25.861,86,14 14.0144,29.679,14 54.0336,22.152,14 86,85.101,14 31.267,11.2,11.2 77.588,31.6541,11.2 61.074,88.8,11.2 46.6989,71.621,11.2 56.7723,47.258,11.2 91.039,62.6982,8.96 91.039,16.4903,8.96 76.7315,51.9014,8.96 8.96,70.4484,8.96 73.986,10.7567,8.96 8.96,52.467,8.96 66.948,67.066,8.96 
fitness 666.016
31.8871,51.2333,14 25.861,86,14 14.0139,29.6788,14 54.0335,22.152,14 86,85.101,14 31.267,11.2,11.2 77.588,31.6535,11.2 61.074,88.8,11.2 46.6989,71.621,11.2 56.7725,47.258,11.2 91.039,62.6993,8.96 91.039,16.5023,8.96 76.732,51.9012,8.96 8.96,70.4483,8.96 73.986,10.7574,8.96 8.96,52.467,8.96 66.948,67.0659,8.96 
fitness 666.016
31.8869,51.2333,14 25.861,86,14 14.014,29.6789,14 54.0331,22.152,14 86,85.101,14 31.267,11.2,11.2 77.588,31.6541,11.2 61.074,88.8,11.2 46.6989,71.621,11.2 56.7722,47.2581,11.2 91.039,62.6997,8.96 91.039,16.5085,8.96 76.7316,51.9019,8.96 8.96,70.4482,8.96 73.986,10.7561,8.96 8.96,52.467,8.96 66.948,67.066,8.96 
fitness 666.016
31.8872,51.2332,14 25.861,86,14 14.0142,29.6786,14 54.0335,22.152,14 86,85.101,14 31.267,11.2,11.2 77.588,31.6534,11.2 61.074,88.8,11.2 46.6989,71.6209,11.2 56.7724,47.2581,11.2 91.039,62.6991,8.96 91.039,16.4737,8.96 76.7315,51.9005,8.96 8.96,70.4482,8.96 73.986,10.7568,8.96 8.96,52.467,8.96 66.948,67.066,8.96 
fitness 666.016
31.8869,51.2332,14 25.861,86,14 14.0139,29.6789,14 54.0336,22.152,14 86,85.101,14 31.267,11.2,11.2 77.588,31.6544,11.2 61.074,88.8,11.2 46.6989,71.621,11.2 56.7725,47.258,11.2 91.039,62.6985,8.96 91.039,16.4847,8.96 76.7317,51.9012,8.96 8.96,70.4477,8.96 73.986,10.7598,8.96 8.96,52.467,8.96 66.948,67.0662,8.96 
fitness 666.016
31.8869,51.2333,14 25.861,86,14 14.014,29.6791,14 54.0337,22.152,14 86,85.101,14 31.267,11.2,11.2 77.588,31.654,11.2 61.074,88.8,11.2 46.6991,71.6209,11.2 56.772,47.258,11.2 91.039,62.6988,8.96 91.039,16.5035,8.96 76.7315,51.9018,8.96 8.96,70.4484,8.96 73.986,10.7556,8.96 8.96,52.467,8.96 66.948,67.0661,8.96 
fitness 666.016
31.8871,51.2333,14 25.861,86,14 14.014,29.6788,14 54.0336,22.152,14 86,85.101,14 31.267,11.2,11.2 77.588,31.6538,11.2 61.074,88.8,11.2 46.6989,71.621,11.2 56.7727,47.258,11.2 91.039,62.699,8.96 91.039,16.4996,8.96 76.7317,51.9014,8.96 8.96,70.4473,8.96 73.986,10.7587,8.96 8.96,52.467,8.96 66.948,67.066,8.96 
fitness 666.016
31.8869,51.2332,14 25.861,86,14 14.014,29.679,14 54.0333,22.152,14 86,85.101,14 31.267,11.2,11.2 77.588,31.6543,11.2 61.074,88.8,11.2 46.6989,71.621,11.2 56.7724,47.258,11.2 91.039,62.6985,8.96 91.039,16.4755,8.96 76.7317,51.9009,8.96 8.96,70.448,8.96 73.986,10.7597,8.96 8.96,52.467,8.96 66.948,67.0662,8.96 
fitness 666.016
31.8871,51.2333,14 25.861,86,14 14.0141,29.6787,14 54.0334,22.152,14 86,85.101,14 31.267,11.2,11.2 77.588,31.6542,11.2 61.074,88.8,11.2 46.6989,71.621,11.2 56.7725,47.2581,11.2 91.039,62.6982,8.96 91.039,16.4815,8.96 76.7316,51.9011,8.96 8.96,70.4483,8.96 73.986,10.7574,8.96 8.96,52.467,8.96 66.948,67.066,8.96 
fitness 666.016
31.8871,51.2332,14 25.861,86,14 14.0141,29.6787,14 54.0335,22.152,14 86,85.101,14 31.267,11.2,11.2 77.588,31.6534,11.2 61.074,88.8,11.2 46.6989,71.621,11.2 56.7726,47.258,11.2 91.039,62.6999,8.96 91.039,16.4883,8.96 76.7318,51.9012,8.96 8.96,70.4482,8.96 73.986,10.7568,8.96 8.96,52.467,8.96 66.948,67.066,8.96 
fitness 666.016
31.8871,51.2332,14 25.861,86,14 14.014,29.6789,14 54.0336,22.152,14 86,85.101,14 31.267,11.2,11.2 77.588,31.6543,11.2 61.074,88.8,11.2 46.6989,71.621,11.2 56.7724,47.258,11.2 91.039,62.6982,8.96 91.039,16.492,8.96 76.7316,51.9014,8.96 8.96,70.4485,8.96 73.986,10.756,8.96 8.96,52.467,8.96 66.948,67.066,8.96 
fitness 666.016
31.8872,51.2334,14 25.861,86,14 14.014,29.6791,14 54.0336,22.152,14 86,85.101,14 31.267,11.2,11.2 77.588,31.6539,11.2 61.074,88.8,11.2 46.6989,71.621,11.2 56.7725,47.258,11.2 91.039,62.6989,8.96 91.039,16.4848,8.96 76.7317,51.9021,8.96 8.96,70.4479,8.96 73.986,10.7576,8.96 8.96,52.467,8.96 66.948,67.0661,8.96 
fitness 666.016
